Player,Team,GP,MIN,PTS,FGM,FGA,FG%,3PM,3PA,3P%,FTM,FTA,FT%,ORB,DRB,REB,AST,STL,BLK,TOV,PF,Title
Ivica Zubac,LAC,72,"1,326.1",596.0,236,386.0,0.611,0,2,0.0,124,166,0.747,198,346,544,82,16,66,61,168,NBA 2019-2020 Regular_Season Players Statistic
Ante Zizic,CLE,22,220.6,96.0,41,72.0,0.569,0,0,0.0,14,19,0.737,18,48,66,6,7,5,10,27,NBA 2019-2020 Regular_Season Players Statistic
Tyler Zeller,SAS,2,3.9,2.0,1,4.0,0.25,0,0,0.0,0,0,0.0,3,1,4,0,0,0,0,0,NBA 2019-2020 Regular_Season Players Statistic
Cody Zeller,CHA,58,"1,340.7",642.0,251,479.0,0.524,18,75,0.24,122,179,0.682,160,251,411,88,40,25,75,140,NBA 2019-2020 Regular_Season Players Statistic
Trae Young,ATL,60,"2,120.1",1.778,546,1.249,0.437,205,568,0.361,481,559,0.86,32,223,255,560,65,8,289,104,NBA 2019-2020 Regular_Season Players Statistic
Thaddeus Young,CHI,64,"1,590.7",659.0,269,601.0,0.448,79,222,0.356,42,72,0.583,94,221,315,117,92,23,102,134,NBA 2019-2020 Regular_Season Players Statistic
Justin Wright-Foreman,UTA,4,45.2,19.0,7,20.0,0.35,2,10,0.2,3,4,0.75,0,5,5,7,2,0,3,5,NBA 2019-2020 Regular_Season Players Statistic
Delon Wright,DAL,73,"1,569.8",504.0,190,411.0,0.462,47,127,0.37,77,100,0.77,70,210,280,244,85,23,73,93,NBA 2019-2020 Regular_Season Players Statistic
Christian Wood,DET,62,"1,324.6",810.0,288,508.0,0.567,54,140,0.386,180,242,0.744,104,286,390,60,34,54,84,98,NBA 2019-2020 Regular_Season Players Statistic
Justise Winslow,MIA,11,352.3,124.0,50,129.0,0.388,6,27,0.222,18,27,0.667,16,57,73,44,7,5,24,38,NBA 2019-2020 Regular_Season Players Statistic
D.J. Wilson,MIL,37,362.9,133.0,52,132.0,0.394,18,73,0.247,11,18,0.611,12,80,92,25,3,5,19,33,NBA 2019-2020 Regular_Season Players Statistic
Zion Williamson,NOP,24,668.2,540.0,210,360.0,0.583,6,14,0.429,114,178,0.64,64,86,150,50,16,9,59,42,NBA 2019-2020 Regular_Season Players Statistic
Nigel Williams-Goss,UTA,10,49.8,14.0,5,16.0,0.313,2,7,0.286,2,2,1.0,2,4,6,6,3,1,3,6,NBA 2019-2020 Regular_Season Players Statistic
Robert Williams,BOS,29,387.8,150.0,64,88.0,0.727,0,0,0.0,22,34,0.647,40,88,128,27,22,35,20,51,NBA 2019-2020 Regular_Season Players Statistic
Marvin Williams,MIL,58,"1,128.9",343.0,119,267.0,0.446,56,156,0.359,49,57,0.86,30,153,183,60,36,30,33,103,NBA 2019-2020 Regular_Season Players Statistic
Lou Williams,LAC,65,"1,863.9",1.185,391,936.0,0.418,111,315,0.352,292,339,0.861,31,170,201,365,43,12,182,80,NBA 2019-2020 Regular_Season Players Statistic
Kenrich Williams,NOP,39,831.8,136.0,51,147.0,0.347,25,97,0.258,9,26,0.346,51,136,187,57,27,21,22,88,NBA 2019-2020 Regular_Season Players Statistic
Johnathan Williams,WAS,15,179.8,45.0,19,34.0,0.559,0,2,0.0,7,13,0.538,24,40,64,8,1,8,5,16,NBA 2019-2020 Regular_Season Players Statistic
Grant Williams,BOS,69,"1,043.2",237.0,87,211.0,0.412,24,96,0.25,39,54,0.722,59,119,178,68,30,36,50,163,NBA 2019-2020 Regular_Season Players Statistic
Andrew Wiggins,GSW,54,"1,858.9",1.175,437,978.0,0.447,111,334,0.332,190,268,0.709,66,208,274,198,45,53,132,127,NBA 2019-2020 Regular_Season Players Statistic
Hassan Whiteside,POR,67,"2,008.4",1.04,436,702.0,0.621,4,7,0.571,164,239,0.686,258,647,905,78,26,196,120,196,NBA 2019-2020 Regular_Season Players Statistic
Derrick White,SAS,68,"1,676.7",765.0,253,552.0,0.458,79,216,0.366,180,211,0.853,35,188,223,241,44,59,89,152,NBA 2019-2020 Regular_Season Players Statistic
Coby White,CHI,65,"1,674.0",859.0,312,792.0,0.394,133,376,0.354,102,129,0.791,28,202,230,175,49,6,109,117,NBA 2019-2020 Regular_Season Players Statistic
Russell Westbrook,HOU,57,"2,049.2",1.553,604,1.281,0.472,55,213,0.258,290,380,0.763,100,351,451,401,93,20,255,200,NBA 2019-2020 Regular_Season Players Statistic
Quinndary Weatherspoon,SAS,11,77.8,12.0,5,17.0,0.294,1,5,0.2,1,2,0.5,1,6,7,11,3,1,5,8,NBA 2019-2020 Regular_Season Players Statistic
Paul Watson,TOR,10,87.2,31.0,10,26.0,0.385,4,12,0.333,7,9,0.778,2,15,17,8,4,1,3,5,NBA 2019-2020 Regular_Season Players Statistic
Tremont Waters,BOS,11,118.7,40.0,14,49.0,0.286,4,24,0.167,8,8,1.0,0,12,12,16,10,2,15,13,NBA 2019-2020 Regular_Season Players Statistic
Yuta Watanabe,MEM,18,104.8,36.0,15,34.0,0.441,3,8,0.375,3,8,0.375,7,13,20,5,5,1,2,9,NBA 2019-2020 Regular_Season Players Statistic
P.J. Washington,CHA,58,"1,759.0",710.0,268,589.0,0.455,86,230,0.374,88,136,0.647,58,258,316,123,51,44,93,158,NBA 2019-2020 Regular_Season Players Statistic
T.J. Warren,IND,67,"2,202.5",1.326,534,997.0,0.536,91,226,0.403,167,204,0.819,68,212,280,99,78,34,84,187,NBA 2019-2020 Regular_Season Players Statistic
Brad Wanamaker,BOS,71,"1,369.1",487.0,162,362.0,0.448,37,102,0.363,126,136,0.926,22,122,144,179,61,14,76,133,NBA 2019-2020 Regular_Season Players Statistic
"Derrick Walton, Jr.",DET,26,248.3,53.0,18,39.0,0.462,10,24,0.417,7,9,0.778,2,14,16,27,7,0,5,21,NBA 2019-2020 Regular_Season Players Statistic
Tyrone Wallace,ATL,14,160.4,40.0,14,44.0,0.318,1,15,0.067,11,17,0.647,3,19,22,13,7,1,10,19,NBA 2019-2020 Regular_Season Players Statistic
Lonnie Walker,SAS,61,988.2,389.0,152,357.0,0.426,41,101,0.406,44,61,0.721,23,116,139,68,32,14,44,78,NBA 2019-2020 Regular_Season Players Statistic
Kemba Walker,BOS,56,"1,742.5",1.145,378,889.0,0.425,180,473,0.381,209,242,0.864,36,181,217,268,48,28,117,91,NBA 2019-2020 Regular_Season Players Statistic
Dion Waiters,LAL,10,207.4,111.0,41,99.0,0.414,15,47,0.319,14,17,0.824,2,22,24,20,4,6,16,21,NBA 2019-2020 Regular_Season Players Statistic
Moe Wagner,WAS,45,835.3,393.0,145,266.0,0.545,25,80,0.313,78,95,0.821,56,163,219,56,28,19,66,152,NBA 2019-2020 Regular_Season Players Statistic
Dean Wade,CLE,12,71.4,20.0,9,13.0,0.692,2,4,0.5,0,1,0.0,3,16,19,2,2,4,3,8,NBA 2019-2020 Regular_Season Players Statistic
Nikola Vucevic,ORL,62,"1,998.3",1.215,493,1.033,0.477,98,289,0.339,131,167,0.784,140,533,673,222,54,47,88,135,NBA 2019-2020 Regular_Season Players Statistic
Noah Vonleh,DEN,36,377.7,132.0,52,92.0,0.565,3,15,0.2,25,32,0.781,37,87,124,28,11,6,21,40,NBA 2019-2020 Regular_Season Players Statistic
Gabe Vincent,MIA,9,82.8,22.0,8,37.0,0.216,6,27,0.222,0,0,0.0,0,5,5,6,5,0,1,6,NBA 2019-2020 Regular_Season Players Statistic
Fred VanVleet,TOR,54,"1,928.2",952.0,319,773.0,0.413,146,374,0.39,168,198,0.848,18,185,203,357,100,17,121,132,NBA 2019-2020 Regular_Season Players Statistic
Jarred Vanderbilt,MIN,11,46.6,12.0,5,8.0,0.625,0,1,0.0,2,2,1.0,3,6,9,2,3,1,7,6,NBA 2019-2020 Regular_Season Players Statistic
Denzel Valentine,CHI,36,487.8,246.0,97,237.0,0.409,46,137,0.336,6,8,0.75,9,65,74,43,26,6,26,51,NBA 2019-2020 Regular_Season Players Statistic
Jonas Valanciunas,MEM,70,"1,845.2",1.044,432,739.0,0.585,32,91,0.352,148,200,0.74,213,575,788,131,30,76,127,185,NBA 2019-2020 Regular_Season Players Statistic
Jarrod Uthoff,WAS,7,53.2,19.0,7,18.0,0.389,3,9,0.333,2,2,1.0,2,4,6,0,1,0,0,2,NBA 2019-2020 Regular_Season Players Statistic
Myles Turner,IND,62,"1,825.9",749.0,268,587.0,0.457,86,250,0.344,127,169,0.751,86,321,407,72,46,132,85,166,NBA 2019-2020 Regular_Season Players Statistic
Evan Turner,ATL,19,251.5,62.0,25,67.0,0.373,0,5,0.0,12,14,0.857,8,30,38,38,9,8,26,20,NBA 2019-2020 Regular_Season Players Statistic
Rayjon Tucker,UTA,20,161.4,62.0,20,43.0,0.465,3,17,0.176,19,23,0.826,3,17,20,5,1,1,8,10,NBA 2019-2020 Regular_Season Players Statistic
P.J. Tucker,HOU,72,"2,467.2",500.0,177,426.0,0.415,107,299,0.358,39,48,0.813,112,364,476,115,77,36,72,229,NBA 2019-2020 Regular_Season Players Statistic
Allonzo Trier,NYK,24,290.7,155.0,51,106.0,0.481,19,53,0.358,34,43,0.791,6,23,29,28,3,4,22,29,NBA 2019-2020 Regular_Season Players Statistic
"Gary Trent, Jr.",POR,61,"1,331.9",541.0,196,441.0,0.444,112,268,0.418,37,45,0.822,25,75,100,61,48,16,21,90,NBA 2019-2020 Regular_Season Players Statistic
Karl-Anthony Towns,MIN,35,"1,187.0",926.0,316,622.0,0.508,114,277,0.412,180,226,0.796,95,283,378,153,33,42,110,117,NBA 2019-2020 Regular_Season Players Statistic
Juan Toscano-Anderson,GSW,13,272.0,69.0,29,63.0,0.46,8,23,0.348,3,5,0.6,9,43,52,26,13,5,16,30,NBA 2019-2020 Regular_Season Players Statistic
Anthony Tolliver,MEM,55,871.9,200.0,65,182.0,0.357,49,145,0.338,21,29,0.724,34,120,154,42,19,11,34,74,NBA 2019-2020 Regular_Season Players Statistic
Matisse Thybulle,PHI,65,"1,287.4",305.0,112,265.0,0.423,56,157,0.357,25,41,0.61,44,63,107,79,94,47,51,141,NBA 2019-2020 Regular_Season Players Statistic
Sindarius Thornwell,NOP,2,35.5,16.0,6,11.0,0.545,2,4,0.5,2,4,0.5,0,4,4,4,1,1,2,2,NBA 2019-2020 Regular_Season Players Statistic
Tristan Thompson,CLE,57,"1,721.5",684.0,288,562.0,0.512,9,23,0.391,99,161,0.615,226,351,577,120,33,50,103,124,NBA 2019-2020 Regular_Season Players Statistic
Matt Thomas,TOR,41,439.9,202.0,73,150.0,0.487,47,99,0.475,9,12,0.75,9,52,61,22,10,1,16,38,NBA 2019-2020 Regular_Season Players Statistic
Lance Thomas,BRK,7,97.8,24.0,8,23.0,0.348,4,13,0.308,4,4,1.0,2,11,13,6,0,0,6,11,NBA 2019-2020 Regular_Season Players Statistic
Khyri Thomas,DET,8,61.2,17.0,5,17.0,0.294,5,14,0.357,2,4,0.5,1,0,1,3,3,0,3,9,NBA 2019-2020 Regular_Season Players Statistic
Isaiah Thomas,WAS,40,924.8,488.0,174,426.0,0.408,78,189,0.413,62,76,0.816,11,57,68,146,13,6,77,77,NBA 2019-2020 Regular_Season Players Statistic
Daniel Theis,BOS,65,"1,566.1",601.0,241,426.0,0.566,32,96,0.333,87,114,0.763,140,286,426,111,37,84,54,219,NBA 2019-2020 Regular_Season Players Statistic
Garrett Temple,BRK,62,"1,729.7",641.0,222,587.0,0.378,127,386,0.329,70,87,0.805,29,189,218,156,49,29,62,108,NBA 2019-2020 Regular_Season Players Statistic
Jeff Teague,ATL,59,"1,464.3",641.0,213,489.0,0.436,43,117,0.368,172,197,0.873,27,115,142,308,44,19,116,106,NBA 2019-2020 Regular_Season Players Statistic
Jayson Tatum,BOS,66,"2,265.1",1.547,552,1.226,0.45,189,469,0.403,254,313,0.812,64,396,460,200,93,57,155,136,NBA 2019-2020 Regular_Season Players Statistic
Caleb Swanigan,POR,27,288.1,65.0,28,47.0,0.596,0,2,0.0,9,17,0.529,27,73,100,31,3,7,37,62,NBA 2019-2020 Regular_Season Players Statistic
Edmond Sumner,IND,31,446.8,152.0,61,142.0,0.43,14,53,0.264,16,29,0.552,11,35,46,55,15,9,22,44,NBA 2019-2020 Regular_Season Players Statistic
Max Strus,CHI,2,6.2,5.0,2,3.0,0.667,0,1,0.0,1,1,1.0,1,0,1,0,0,0,0,1,NBA 2019-2020 Regular_Season Players Statistic
Omari Spellman,GSW,49,886.0,370.0,127,295.0,0.431,43,110,0.391,73,92,0.793,77,142,219,47,33,24,54,63,NBA 2019-2020 Regular_Season Players Statistic
Tony Snell,DET,59,"1,641.1",474.0,170,382.0,0.445,102,254,0.402,32,32,1.0,9,102,111,127,32,15,31,101,NBA 2019-2020 Regular_Season Players Statistic
Zhaire Smith,PHI,7,32.3,8.0,3,11.0,0.273,0,3,0.0,2,4,0.5,0,2,2,2,3,0,2,4,NBA 2019-2020 Regular_Season Players Statistic
J.R. Smith,LAL,6,78.9,17.0,7,22.0,0.318,1,11,0.091,2,2,1.0,0,5,5,3,1,0,4,5,NBA 2019-2020 Regular_Season Players Statistic
Ish Smith,WAS,68,"1,787.0",740.0,308,689.0,0.447,62,169,0.367,62,86,0.721,30,189,219,334,59,30,95,106,NBA 2019-2020 Regular_Season Players Statistic
Dennis Smith,NYK,34,537.4,187.0,72,211.0,0.341,16,54,0.296,27,53,0.509,21,57,78,98,28,8,58,65,NBA 2019-2020 Regular_Season Players Statistic
Marcus Smart,BOS,60,"1,919.3",776.0,256,682.0,0.375,137,395,0.347,127,152,0.836,42,183,225,291,101,29,104,162,NBA 2019-2020 Regular_Season Players Statistic
Alen Smailagic,GSW,14,138.9,59.0,20,40.0,0.5,3,13,0.231,16,19,0.842,10,17,27,13,3,4,11,14,NBA 2019-2020 Regular_Season Players Statistic
Anfernee Simons,POR,70,"1,448.7",579.0,214,536.0,0.399,75,226,0.332,76,92,0.826,25,127,152,97,26,10,61,135,NBA 2019-2020 Regular_Season Players Statistic
Ben Simmons,PHI,57,"2,016.9",937.0,375,647.0,0.58,2,7,0.286,185,298,0.621,113,331,444,455,119,33,200,186,NBA 2019-2020 Regular_Season Players Statistic
Chris Silva,MIA,44,346.2,133.0,48,78.0,0.615,0,3,0.0,37,55,0.673,60,66,126,23,9,21,32,85,NBA 2019-2020 Regular_Season Players Statistic
Pascal Siakam,TOR,60,"2,110.3",1.371,500,1.104,0.453,131,365,0.359,240,303,0.792,64,375,439,207,61,53,148,170,NBA 2019-2020 Regular_Season Players Statistic
Iman Shumpert,BRK,13,240.6,54.0,21,64.0,0.328,8,33,0.242,4,7,0.571,9,25,34,12,12,2,10,21,NBA 2019-2020 Regular_Season Players Statistic
Marial Shayok,PHI,4,27.9,11.0,3,12.0,0.25,2,6,0.333,3,4,0.75,1,6,7,1,0,1,3,4,NBA 2019-2020 Regular_Season Players Statistic
Landry Shamet,LAC,53,"1,452.0",492.0,158,391.0,0.404,111,296,0.375,65,76,0.855,6,94,100,99,20,10,42,142,NBA 2019-2020 Regular_Season Players Statistic
Collin Sexton,CLE,65,"2,142.6",1.349,513,1.086,0.472,97,255,0.38,226,267,0.846,61,143,204,192,65,7,158,142,NBA 2019-2020 Regular_Season Players Statistic
Thabo Sefolosha,HOU,41,435.8,92.0,37,91.0,0.407,15,54,0.278,3,8,0.375,21,72,93,25,24,12,15,43,NBA 2019-2020 Regular_Season Players Statistic
Mike Scott,PHI,68,"1,207.0",408.0,149,350.0,0.426,80,217,0.369,30,37,0.811,65,183,248,56,21,5,26,96,NBA 2019-2020 Regular_Season Players Statistic
Dennis Schroder,OKC,65,"1,998.9",1.229,453,965.0,0.469,125,325,0.385,198,236,0.839,19,217,236,262,45,14,166,146,NBA 2019-2020 Regular_Season Players Statistic
Admiral Schofield,WAS,33,368.3,99.0,35,92.0,0.38,19,61,0.311,10,15,0.667,7,40,47,15,8,4,7,50,NBA 2019-2020 Regular_Season Players Statistic
Tomas Satoransky,CHI,65,"1,877.9",644.0,237,551.0,0.43,64,199,0.322,106,121,0.876,76,178,254,354,80,7,130,135,NBA 2019-2020 Regular_Season Players Statistic
Dario Saric,PHX,66,"1,631.8",704.0,256,538.0,0.476,84,235,0.357,108,128,0.844,100,306,406,123,37,16,88,156,NBA 2019-2020 Regular_Season Players Statistic
JaKarr Sampson,IND,34,470.6,156.0,68,115.0,0.591,2,13,0.154,18,27,0.667,20,68,88,21,16,12,15,64,NBA 2019-2020 Regular_Season Players Statistic
Luka Samanic,SAS,3,48.4,16.0,5,16.0,0.313,3,8,0.375,3,4,0.75,1,9,10,6,0,2,2,6,NBA 2019-2020 Regular_Season Players Statistic
Domantas Sabonis,IND,62,"2,158.7",1.147,458,848.0,0.54,17,67,0.254,214,296,0.723,189,582,771,310,47,30,170,195,NBA 2019-2020 Regular_Season Players Statistic
D'Angelo Russell,MIN,45,"1,452.1",1.039,360,846.0,0.426,158,431,0.367,161,199,0.809,17,160,177,285,48,13,147,86,NBA 2019-2020 Regular_Season Players Statistic
Ricky Rubio,PHX,65,"2,016.4",847.0,287,692.0,0.415,78,216,0.361,195,226,0.863,46,258,304,570,94,11,173,167,NBA 2019-2020 Regular_Season Players Statistic
Terry Rozier,CHA,63,"2,164.4",1.134,398,941.0,0.423,172,423,0.407,166,190,0.874,50,226,276,259,61,10,141,126,NBA 2019-2020 Regular_Season Players Statistic
Terrence Ross,ORL,69,"1,889.1",1.016,341,846.0,0.403,177,504,0.351,157,184,0.853,13,209,222,82,77,24,70,109,NBA 2019-2020 Regular_Season Players Statistic
Derrick Rose,DET,50,"1,297.6",904.0,369,753.0,0.49,45,147,0.306,121,139,0.871,27,94,121,278,40,16,126,49,NBA 2019-2020 Regular_Season Players Statistic
Rajon Rondo,LAL,48,984.2,342.0,137,328.0,0.418,41,125,0.328,27,41,0.659,23,119,142,240,40,2,91,58,NBA 2019-2020 Regular_Season Players Statistic
Isaiah Roby,OKC,3,11.4,0.0,0,1.0,0.0,0,0,0.0,0,0,0.0,0,2,2,0,0,0,1,1,NBA 2019-2020 Regular_Season Players Statistic
Mitchell Robinson,NYK,61,"1,412.5",590.0,253,341.0,0.742,0,0,0.0,84,148,0.568,186,242,428,36,52,119,37,194,NBA 2019-2020 Regular_Season Players Statistic
Justin Robinson,WAS,9,48.7,13.0,5,12.0,0.417,3,5,0.6,0,0,0.0,1,4,5,7,0,1,3,2,NBA 2019-2020 Regular_Season Players Statistic
Jerome Robinson,WAS,63,979.2,319.0,115,310.0,0.371,49,153,0.32,40,57,0.702,13,116,129,87,28,17,49,112,NBA 2019-2020 Regular_Season Players Statistic
Glenn Robinson,PHI,62,"1,786.4",727.0,288,591.0,0.487,77,197,0.391,74,86,0.86,81,189,270,96,54,16,56,100,NBA 2019-2020 Regular_Season Players Statistic
Duncan Robinson,MIA,73,"2,165.6",983.0,323,687.0,0.47,270,606,0.446,67,72,0.931,10,222,232,102,35,19,70,193,NBA 2019-2020 Regular_Season Players Statistic
Andre Roberson,OKC,7,86.9,20.0,8,29.0,0.276,3,14,0.214,1,2,0.5,7,20,27,4,1,3,2,13,NBA 2019-2020 Regular_Season Players Statistic
Austin Rivers,HOU,68,"1,593.9",596.0,211,501.0,0.421,96,270,0.356,78,111,0.703,27,148,175,113,49,10,50,129,NBA 2019-2020 Regular_Season Players Statistic
Josh Richardson,PHI,55,"1,693.2",755.0,278,646.0,0.43,85,249,0.341,114,141,0.809,41,133,174,162,52,36,104,136,NBA 2019-2020 Regular_Season Players Statistic
Naz Reid,MIN,30,495.5,269.0,100,243.0,0.412,32,97,0.33,37,53,0.698,34,90,124,35,19,22,22,83,NBA 2019-2020 Regular_Season Players Statistic
J.J. Redick,NOP,60,"1,581.0",917.0,286,631.0,0.453,180,397,0.453,165,185,0.892,10,141,151,119,20,10,75,96,NBA 2019-2020 Regular_Season Players Statistic
Cam Reddish,ATL,58,"1,550.7",610.0,213,554.0,0.384,83,250,0.332,101,126,0.802,35,181,216,87,62,28,96,132,NBA 2019-2020 Regular_Season Players Statistic
Josh Reaves,DAL,4,28.3,8.0,3,9.0,0.333,0,2,0.0,2,2,1.0,1,2,3,3,0,0,0,5,NBA 2019-2020 Regular_Season Players Statistic
Julius Randle,NYK,64,"2,080.5",1.248,463,1.006,0.46,64,231,0.277,258,352,0.733,151,471,622,198,51,22,193,178,NBA 2019-2020 Regular_Season Players Statistic
Chasson Randle,GSW,3,40.4,5.0,0,4.0,0.0,0,2,0.0,5,6,0.833,0,2,2,5,2,0,0,3,NBA 2019-2020 Regular_Season Players Statistic
Taurean Prince,BRK,64,"1,857.4",773.0,278,739.0,0.376,146,431,0.339,71,89,0.798,50,331,381,116,57,25,127,159,NBA 2019-2020 Regular_Season Players Statistic
Norman Powell,TOR,52,"1,478.8",830.0,296,598.0,0.495,109,273,0.399,129,153,0.843,26,164,190,91,60,21,77,108,NBA 2019-2020 Regular_Season Players Statistic
Dwight Powell,DAL,40,"1,060.6",376.0,146,229.0,0.638,10,39,0.256,74,111,0.667,75,152,227,59,35,21,36,102,NBA 2019-2020 Regular_Season Players Statistic
Kristaps Porzingis,DAL,57,"1,813.8",1.164,398,932.0,0.427,142,403,0.352,226,283,0.799,100,440,540,102,41,115,92,185,NBA 2019-2020 Regular_Season Players Statistic
Bobby Portis,NYK,66,"1,393.4",668.0,265,589.0,0.45,67,187,0.358,71,93,0.763,80,258,338,98,32,18,73,110,NBA 2019-2020 Regular_Season Players Statistic
Otto Porter,CHI,14,330.8,167.0,62,140.0,0.443,24,62,0.387,19,27,0.704,13,35,48,25,15,6,11,31,NBA 2019-2020 Regular_Season Players Statistic
"Michael Porter, Jr.",DEN,55,903.3,512.0,195,383.0,0.509,62,147,0.422,60,72,0.833,66,193,259,46,27,25,49,100,NBA 2019-2020 Regular_Season Players Statistic
"Kevin Porter, Jr.",CLE,50,"1,161.8",498.0,186,421.0,0.442,53,158,0.335,73,101,0.723,22,140,162,109,46,14,93,135,NBA 2019-2020 Regular_Season Players Statistic
Jordan Poole,GSW,57,"1,273.9",503.0,167,502.0,0.333,74,265,0.279,95,119,0.798,9,109,118,134,35,10,74,94,NBA 2019-2020 Regular_Season Players Statistic
Shamorie Ponds,TOR,4,10.6,9.0,3,5.0,0.6,1,2,0.5,2,2,1.0,0,1,1,2,0,1,0,2,NBA 2019-2020 Regular_Season Players Statistic
Vincent Poirier,BOS,22,130.0,41.0,17,36.0,0.472,1,2,0.5,6,7,0.857,13,30,43,8,2,9,8,25,NBA 2019-2020 Regular_Season Players Statistic
Jakob Poeltl,SAS,66,"1,171.0",372.0,166,266.0,0.624,0,0,0.0,40,86,0.465,131,244,375,116,37,95,54,126,NBA 2019-2020 Regular_Season Players Statistic
Mason Plumlee,DEN,61,"1,057.2",437.0,177,288.0,0.615,0,5,0.0,83,155,0.535,98,219,317,154,33,38,82,143,NBA 2019-2020 Regular_Season Players Statistic
Theo Pinson,BRK,33,365.5,120.0,45,155.0,0.29,15,80,0.188,15,16,0.938,10,44,54,56,17,4,33,35,NBA 2019-2020 Regular_Season Players Statistic
Norvel Pelle,PHI,24,231.7,57.0,25,48.0,0.521,0,1,0.0,7,14,0.5,20,52,72,8,3,31,18,55,NBA 2019-2020 Regular_Season Players Statistic
Elfrid Payton,NYK,45,"1,245.9",449.0,193,440.0,0.439,14,69,0.203,49,86,0.57,52,160,212,323,70,17,96,89,NBA 2019-2020 Regular_Season Players Statistic
Gary Payton II,WAS,29,431.7,113.0,48,116.0,0.414,13,46,0.283,4,8,0.5,26,54,80,48,33,7,20,54,NBA 2019-2020 Regular_Season Players Statistic
Cameron Payne,PHX,8,183.2,87.0,33,68.0,0.485,15,29,0.517,6,7,0.857,4,27,31,24,8,2,11,20,NBA 2019-2020 Regular_Season Players Statistic
Chris Paul,OKC,70,"2,207.6",1.232,434,887.0,0.489,111,304,0.365,253,279,0.907,26,323,349,472,111,11,161,158,NBA 2019-2020 Regular_Season Players Statistic
Justin Patton,OKC,5,24.2,9.0,4,10.0,0.4,1,4,0.25,0,0,0.0,1,4,5,2,0,0,2,4,NBA 2019-2020 Regular_Season Players Statistic
Patrick Patterson,LAC,59,776.2,292.0,95,233.0,0.408,67,172,0.39,35,43,0.814,35,116,151,41,7,3,21,54,NBA 2019-2020 Regular_Season Players Statistic
Anzejs Pasecniks,WAS,27,436.9,156.0,61,116.0,0.526,0,3,0.0,34,58,0.586,42,65,107,18,9,12,24,75,NBA 2019-2020 Regular_Season Players Statistic
Eric Paschall,GSW,60,"1,653.9",837.0,318,640.0,0.497,37,129,0.287,164,212,0.774,82,193,275,127,32,13,94,125,NBA 2019-2020 Regular_Season Players Statistic
Chandler Parsons,ATL,5,54.2,14.0,5,18.0,0.278,4,14,0.286,0,0,0.0,1,6,7,3,4,1,3,3,NBA 2019-2020 Regular_Season Players Statistic
Jabari Parker,SAC,38,917.9,531.0,219,429.0,0.51,32,119,0.269,61,81,0.753,61,153,214,68,45,16,64,99,NBA 2019-2020 Regular_Season Players Statistic
Jeremy Pargo,GSW,3,44.3,25.0,11,22.0,0.5,3,7,0.429,0,1,0.0,1,2,3,8,1,0,4,8,NBA 2019-2020 Regular_Season Players Statistic
Tariq Owens,PHX,3,15.4,4.0,1,5.0,0.2,0,2,0.0,2,2,1.0,2,1,3,0,1,0,0,1,NBA 2019-2020 Regular_Season Players Statistic
"Kelly Oubre, Jr.",PHX,56,"1,933.4",1.046,373,826.0,0.452,108,307,0.352,192,246,0.78,67,294,361,85,71,40,83,192,NBA 2019-2020 Regular_Season Players Statistic
Cedi Osman,CLE,65,"1,910.3",718.0,266,609.0,0.437,123,321,0.383,63,94,0.67,39,192,231,154,54,16,91,160,NBA 2019-2020 Regular_Season Players Statistic
Miye Oni,UTA,10,109.1,35.0,12,32.0,0.375,7,19,0.368,4,5,0.8,5,12,17,4,4,2,4,9,NBA 2019-2020 Regular_Season Players Statistic
Kelly Olynyk,MIA,67,"1,300.4",549.0,184,398.0,0.462,95,234,0.406,86,100,0.86,44,261,305,116,45,23,71,173,NBA 2019-2020 Regular_Season Players Statistic
Victor Oladipo,IND,19,528.2,275.0,97,246.0,0.394,33,104,0.317,48,59,0.814,9,66,75,56,17,4,47,36,NBA 2019-2020 Regular_Season Players Statistic
KZ Okpala,MIA,5,26.0,7.0,3,5.0,0.6,0,1,0.0,1,2,0.5,1,4,5,1,2,1,1,2,NBA 2019-2020 Regular_Season Players Statistic
Josh Okogie,MIN,62,"1,547.3",533.0,170,398.0,0.427,41,154,0.266,152,191,0.796,87,181,268,99,68,26,87,139,NBA 2019-2020 Regular_Season Players Statistic
Elie Okobo,PHX,55,718.7,219.0,72,181.0,0.398,25,71,0.352,50,71,0.704,16,74,90,115,24,4,38,54,NBA 2019-2020 Regular_Season Players Statistic
Jahlil Okafor,NOP,30,467.0,243.0,101,162.0,0.623,1,3,0.333,40,62,0.645,48,79,127,37,7,22,38,67,NBA 2019-2020 Regular_Season Players Statistic
Semi Ojeleye,BOS,69,"1,010.6",236.0,80,196.0,0.408,48,127,0.378,28,32,0.875,26,119,145,37,21,5,19,80,NBA 2019-2020 Regular_Season Players Statistic
Kyle O'Quinn,PHI,29,312.6,102.0,42,85.0,0.494,7,27,0.259,11,20,0.55,34,82,116,51,7,24,20,37,NBA 2019-2020 Regular_Season Players Statistic
Royce O'Neale,UTA,71,"2,049.5",450.0,158,365.0,0.433,92,244,0.377,42,55,0.764,27,362,389,180,59,32,61,202,NBA 2019-2020 Regular_Season Players Statistic
David Nwaba,BRK,20,268.5,104.0,37,71.0,0.521,12,28,0.429,18,27,0.667,8,37,45,8,11,12,8,32,NBA 2019-2020 Regular_Season Players Statistic
Jusuf Nurkic,POR,8,253.1,141.0,54,109.0,0.495,2,10,0.2,31,35,0.886,23,59,82,32,11,16,19,39,NBA 2019-2020 Regular_Season Players Statistic
Kendrick Nunn,MIA,67,"1,962.5",1.024,401,914.0,0.439,137,391,0.35,85,100,0.85,21,159,180,220,56,15,114,152,NBA 2019-2020 Regular_Season Players Statistic
Frank Ntilikina,NYK,57,"1,186.6",357.0,131,333.0,0.393,44,137,0.321,51,59,0.864,23,98,121,172,54,16,71,142,NBA 2019-2020 Regular_Season Players Statistic
Jaylen Nowell,MIN,15,151.2,57.0,19,53.0,0.358,3,26,0.115,16,17,0.941,3,10,13,19,3,1,3,11,NBA 2019-2020 Regular_Season Players Statistic
Zach Norvell,GSW,5,40.8,10.0,3,12.0,0.25,3,8,0.375,1,1,1.0,0,6,6,3,2,0,3,4,NBA 2019-2020 Regular_Season Players Statistic
Nerlens Noel,OKC,61,"1,127.0",449.0,184,269.0,0.684,1,3,0.333,80,106,0.755,91,209,300,57,59,91,66,166,NBA 2019-2020 Regular_Season Players Statistic
Joakim Noah,LAC,5,50.2,14.0,4,8.0,0.5,0,0,0.0,6,8,0.75,5,11,16,7,1,1,6,9,NBA 2019-2020 Regular_Season Players Statistic
Georges Niang,UTA,66,923.2,392.0,141,322.0,0.438,90,225,0.4,20,24,0.833,15,112,127,44,18,5,30,75,NBA 2019-2020 Regular_Season Players Statistic
Malik Newman,CLE,1,3.7,2.0,0,2.0,0.0,0,1,0.0,2,2,1.0,0,0,0,0,0,0,1,0,NBA 2019-2020 Regular_Season Players Statistic
Raulzinho Neto,PHI,54,667.6,275.0,101,222.0,0.455,34,88,0.386,39,47,0.83,11,50,61,95,24,6,47,50,NBA 2019-2020 Regular_Season Players Statistic
Shabazz Napier,WAS,56,"1,344.5",578.0,188,456.0,0.412,76,240,0.317,126,153,0.824,26,132,158,262,69,11,128,101,NBA 2019-2020 Regular_Season Players Statistic
"Larry Nance, Jr.",CLE,56,"1,472.1",564.0,229,431.0,0.531,56,159,0.352,50,74,0.676,106,303,409,123,56,22,60,91,NBA 2019-2020 Regular_Season Players Statistic
Abdel Nader,OKC,55,867.0,345.0,123,263.0,0.468,48,128,0.375,51,66,0.773,14,86,100,38,23,20,43,78,NBA 2019-2020 Regular_Season Players Statistic
Svi Mykhailiuk,DET,56,"1,265.0",504.0,166,405.0,0.41,115,285,0.404,57,70,0.814,17,87,104,106,41,4,61,87,NBA 2019-2020 Regular_Season Players Statistic
Mike Muscala,OKC,47,571.8,226.0,77,189.0,0.407,54,143,0.378,18,22,0.818,16,92,108,40,9,12,17,58,NBA 2019-2020 Regular_Season Players Statistic
Dzanan Musa,BRK,40,487.3,192.0,64,172.0,0.372,19,78,0.244,45,60,0.75,21,65,86,43,15,1,36,30,NBA 2019-2020 Regular_Season Players Statistic
Jamal Murray,DEN,59,"1,903.6",1.091,408,894.0,0.456,112,324,0.346,163,185,0.881,45,191,236,284,67,17,127,102,NBA 2019-2020 Regular_Season Players Statistic
Dejounte Murray,SAS,66,"1,686.8",720.0,294,637.0,0.462,41,111,0.369,91,114,0.798,69,314,383,271,111,17,125,143,NBA 2019-2020 Regular_Season Players Statistic
Mychal Mulder,GSW,7,203.7,77.0,26,67.0,0.388,16,52,0.308,9,12,0.75,3,20,23,8,2,1,5,20,NBA 2019-2020 Regular_Season Players Statistic
Emmanuel Mudiay,UTA,54,849.6,395.0,151,327.0,0.462,30,87,0.345,63,83,0.759,18,108,126,116,24,10,76,72,NBA 2019-2020 Regular_Season Players Statistic
Johnathan Motley,LAC,13,41.1,28.0,11,15.0,0.733,1,1,1.0,5,7,0.714,3,7,10,8,3,0,5,6,NBA 2019-2020 Regular_Season Players Statistic
Monte Morris,DEN,73,"1,636.5",660.0,260,566.0,0.459,65,172,0.378,75,89,0.843,24,113,137,255,55,17,53,73,NBA 2019-2020 Regular_Season Players Statistic
Markieff Morris,LAL,58,"1,187.5",560.0,203,458.0,0.443,88,228,0.386,66,85,0.776,40,178,218,77,31,17,76,133,NBA 2019-2020 Regular_Season Players Statistic
Marcus Morris,LAC,62,"1,936.3",1.033,355,810.0,0.438,142,348,0.408,181,220,0.823,59,252,311,86,47,30,97,180,NBA 2019-2020 Regular_Season Players Statistic
Juwan Morgan,UTA,21,134.5,36.0,15,26.0,0.577,3,8,0.375,3,4,0.75,10,19,29,6,1,2,6,19,NBA 2019-2020 Regular_Season Players Statistic
Ja Morant,MEM,67,"2,074.2",1.193,447,937.0,0.477,60,179,0.335,239,308,0.776,51,208,259,488,58,18,220,110,NBA 2019-2020 Regular_Season Players Statistic
E'Twaun Moore,NOP,56,"1,019.9",466.0,186,437.0,0.426,63,167,0.377,31,45,0.689,31,100,131,78,32,11,40,80,NBA 2019-2020 Regular_Season Players Statistic
Matt Mooney,CLE,4,18.8,2.0,1,4.0,0.25,0,2,0.0,0,0,0.0,0,3,3,1,2,1,0,1,NBA 2019-2020 Regular_Season Players Statistic
Malik Monk,CHA,55,"1,169.1",564.0,212,488.0,0.434,58,204,0.284,82,100,0.82,27,130,157,114,25,16,77,74,NBA 2019-2020 Regular_Season Players Statistic
Adam Mokoka,CHI,11,111.7,32.0,12,28.0,0.429,6,15,0.4,2,4,0.5,7,3,10,4,4,0,2,17,NBA 2019-2020 Regular_Season Players Statistic
Donovan Mitchell,UTA,69,"2,364.0",1.655,602,1.342,0.449,173,473,0.366,278,322,0.863,53,251,304,294,70,14,184,172,NBA 2019-2020 Regular_Season Players Statistic
Shake Milton,PHI,40,805.3,377.0,134,277.0,0.484,58,135,0.43,51,65,0.785,15,73,88,104,20,7,47,92,NBA 2019-2020 Regular_Season Players Statistic
Paul Millsap,DEN,51,"1,240.0",591.0,211,438.0,0.482,54,124,0.435,115,141,0.816,98,195,293,83,44,30,70,150,NBA 2019-2020 Regular_Season Players Statistic
Patty Mills,SAS,66,"1,484.7",767.0,258,598.0,0.431,154,403,0.382,97,112,0.866,22,86,108,118,53,6,54,105,NBA 2019-2020 Regular_Season Players Statistic
Malcolm Miller,TOR,28,161.9,35.0,12,29.0,0.414,8,22,0.364,3,8,0.375,2,14,16,11,5,2,4,18,NBA 2019-2020 Regular_Season Players Statistic
C.J. Miles,WAS,10,161.0,64.0,19,59.0,0.322,11,35,0.314,15,20,0.75,4,8,12,12,10,4,4,14,NBA 2019-2020 Regular_Season Players Statistic
Eric Mika,SAC,1,19.1,6.0,2,3.0,0.667,0,0,0.0,2,2,1.0,2,5,7,0,0,0,0,5,NBA 2019-2020 Regular_Season Players Statistic
Khris Middleton,MIL,62,"1,852.8",1.297,471,947.0,0.497,147,354,0.415,208,227,0.916,44,338,382,265,53,7,137,142,NBA 2019-2020 Regular_Season Players Statistic
Chimezie Metu,SAS,18,105.3,58.0,24,42.0,0.571,0,2,0.0,10,13,0.769,12,21,33,10,3,6,10,7,NBA 2019-2020 Regular_Season Players Statistic
De'Anthony Melton,MEM,60,"1,167.3",455.0,161,401.0,0.401,40,140,0.286,93,121,0.769,43,177,220,175,77,20,84,109,NBA 2019-2020 Regular_Season Players Statistic
Nicolo Melli,NOP,60,"1,042.1",395.0,136,323.0,0.421,69,206,0.335,54,73,0.74,38,142,180,82,34,23,46,124,NBA 2019-2020 Regular_Season Players Statistic
Jordan McRae,DET,37,784.6,426.0,149,366.0,0.407,45,126,0.357,83,109,0.761,18,106,124,93,21,16,43,73,NBA 2019-2020 Regular_Season Players Statistic
Ben McLemore,HOU,71,"1,619.5",715.0,242,545.0,0.444,181,452,0.4,50,67,0.746,21,136,157,58,45,16,50,155,NBA 2019-2020 Regular_Season Players Statistic
Jordan McLaughlin,MIN,30,590.5,229.0,87,178.0,0.489,29,76,0.382,26,39,0.667,7,42,49,125,34,4,31,31,NBA 2019-2020 Regular_Season Players Statistic
Alfonzo McKinnie,CLE,40,593.5,182.0,73,171.0,0.427,14,65,0.215,22,31,0.71,37,76,113,14,23,8,26,72,NBA 2019-2020 Regular_Season Players Statistic
Rodney McGruder,LAC,56,870.9,187.0,72,181.0,0.398,24,89,0.27,19,34,0.559,29,122,151,36,26,8,24,74,NBA 2019-2020 Regular_Season Players Statistic
JaVale McGee,LAL,68,"1,130.1",446.0,195,306.0,0.637,3,6,0.5,53,82,0.646,125,265,390,37,36,94,55,159,NBA 2019-2020 Regular_Season Players Statistic
Doug McDermott,IND,69,"1,372.3",710.0,267,547.0,0.488,128,294,0.435,48,58,0.828,26,148,174,78,12,5,42,117,NBA 2019-2020 Regular_Season Players Statistic
Jalen McDaniels,CHA,16,293.3,89.0,33,70.0,0.471,9,24,0.375,14,17,0.824,15,50,65,13,8,3,11,36,NBA 2019-2020 Regular_Season Players Statistic
T.J. McConnell,IND,71,"1,326.1",464.0,212,411.0,0.516,5,17,0.294,35,42,0.833,38,151,189,355,56,11,100,73,NBA 2019-2020 Regular_Season Players Statistic
C.J. McCollum,POR,70,"2,556.4",1.556,611,1.356,0.451,194,512,0.379,140,185,0.757,46,251,297,310,54,42,127,183,NBA 2019-2020 Regular_Season Players Statistic
Patrick McCaw,TOR,37,908.1,170.0,67,162.0,0.414,23,71,0.324,13,18,0.722,19,67,86,79,39,4,29,60,NBA 2019-2020 Regular_Season Players Statistic
Luc Mbah a Moute,HOU,3,24.6,5.0,2,5.0,0.4,0,2,0.0,1,2,0.5,1,1,2,0,2,0,1,0,NBA 2019-2020 Regular_Season Players Statistic
Wesley Matthews,MIL,67,"1,634.8",494.0,167,422.0,0.396,108,297,0.364,52,68,0.765,22,144,166,92,38,9,43,103,NBA 2019-2020 Regular_Season Players Statistic
Garrison Mathews,WAS,18,227.4,98.0,24,56.0,0.429,19,46,0.413,31,34,0.912,6,18,24,10,8,1,8,32,NBA 2019-2020 Regular_Season Players Statistic
Frank Mason,MIL,9,117.9,62.0,23,51.0,0.451,6,21,0.286,10,17,0.588,5,14,19,29,5,1,11,11,NBA 2019-2020 Regular_Season Players Statistic
Kelan Martin,MIN,31,494.9,197.0,71,181.0,0.392,25,96,0.26,30,31,0.968,12,84,96,23,7,9,20,51,NBA 2019-2020 Regular_Season Players Statistic
Jeremiah Martin,BRK,9,99.1,64.0,24,53.0,0.453,5,18,0.278,11,14,0.786,1,9,10,18,7,2,4,7,NBA 2019-2020 Regular_Season Players Statistic
Cody Martin,CHA,48,902.7,238.0,89,207.0,0.43,18,77,0.234,42,65,0.646,38,120,158,95,39,9,44,78,NBA 2019-2020 Regular_Season Players Statistic
Caleb Martin,CHA,18,316.8,111.0,37,84.0,0.44,20,37,0.541,17,21,0.81,10,28,38,23,12,7,15,32,NBA 2019-2020 Regular_Season Players Statistic
Lauri Markkanen,CHI,50,"1,491.5",737.0,251,591.0,0.425,109,317,0.344,126,153,0.824,60,253,313,74,42,23,81,96,NBA 2019-2020 Regular_Season Players Statistic
Boban Marjanovic,DAL,43,422.0,289.0,121,210.0,0.576,4,17,0.235,43,57,0.754,66,131,197,20,8,10,31,56,NBA 2019-2020 Regular_Season Players Statistic
Terance Mann,LAC,41,362.1,99.0,37,79.0,0.468,7,20,0.35,18,27,0.667,10,45,55,53,11,5,18,46,NBA 2019-2020 Regular_Season Players Statistic
Thon Maker,DET,60,776.0,281.0,93,193.0,0.482,22,64,0.344,73,110,0.664,54,113,167,43,25,39,45,102,NBA 2019-2020 Regular_Season Players Statistic
Ian Mahinmi,WAS,38,807.9,283.0,104,210.0,0.495,5,26,0.192,70,113,0.619,78,140,218,49,31,44,45,114,NBA 2019-2020 Regular_Season Players Statistic
Joshua Magette,ORL,8,37.9,12.0,5,15.0,0.333,1,4,0.25,1,2,0.5,1,5,6,5,3,1,5,4,NBA 2019-2020 Regular_Season Players Statistic
J.P. Macura,CLE,1,0.6,0.0,0,0.0,0.0,0,0,0.0,0,0,0.0,0,0,0,0,0,0,0,0,NBA 2019-2020 Regular_Season Players Statistic
Daryl Macon,MIA,4,14.1,3.0,1,3.0,0.333,1,2,0.5,0,0,0.0,0,0,0,1,0,0,2,1,NBA 2019-2020 Regular_Season Players Statistic
Trey Lyles,SAS,63,"1,270.8",404.0,153,343.0,0.446,65,168,0.387,33,45,0.733,71,290,361,69,28,28,39,98,NBA 2019-2020 Regular_Season Players Statistic
Timothe Luwawu-Cabarrot,BRK,47,852.7,365.0,117,269.0,0.435,62,160,0.388,69,81,0.852,29,98,127,29,18,7,37,106,NBA 2019-2020 Regular_Season Players Statistic
Kyle Lowry,TOR,58,"2,098.3",1.126,334,803.0,0.416,164,466,0.352,294,343,0.857,32,260,292,433,82,26,178,190,NBA 2019-2020 Regular_Season Players Statistic
Kevin Love,CLE,56,"1,780.0",987.0,327,727.0,0.45,146,390,0.374,187,219,0.854,54,493,547,178,33,19,140,90,NBA 2019-2020 Regular_Season Players Statistic
Robin Lopez,MIL,66,958.2,357.0,147,299.0,0.492,35,105,0.333,28,53,0.528,56,105,161,45,10,45,63,96,NBA 2019-2020 Regular_Season Players Statistic
Brook Lopez,MIL,68,"1,817.0",813.0,292,671.0,0.435,102,325,0.314,127,152,0.836,58,254,312,99,46,163,70,163,NBA 2019-2020 Regular_Season Players Statistic
Kevon Looney,GSW,20,261.6,68.0,29,79.0,0.367,1,14,0.071,9,12,0.75,28,38,66,20,12,6,12,34,NBA 2019-2020 Regular_Season Players Statistic
Naz Long,IND,5,46.9,14.0,6,17.0,0.353,2,12,0.167,0,0,0.0,0,7,7,8,1,1,3,2,NBA 2019-2020 Regular_Season Players Statistic
Nassir Little,POR,48,572.5,172.0,65,151.0,0.43,14,59,0.237,28,44,0.636,31,77,108,22,13,14,15,72,NBA 2019-2020 Regular_Season Players Statistic
Damian Lillard,POR,66,"2,473.7",1.978,624,1.349,0.463,270,674,0.401,460,518,0.888,33,251,284,530,70,22,194,114,NBA 2019-2020 Regular_Season Players Statistic
Caris LeVert,BRK,45,"1,329.8",842.0,311,732.0,0.425,80,220,0.364,140,197,0.711,49,140,189,199,53,10,118,81,NBA 2019-2020 Regular_Season Players Statistic
Meyers Leonard,MIA,51,"1,034.0",309.0,119,234.0,0.509,53,128,0.414,18,28,0.643,30,230,260,55,14,15,39,107,NBA 2019-2020 Regular_Season Players Statistic
Kawhi Leonard,LAC,57,"1,848.2",1.543,532,1.133,0.47,123,325,0.378,356,402,0.886,54,348,402,280,103,33,149,113,NBA 2019-2020 Regular_Season Players Statistic
Alex Len,SAC,55,970.7,438.0,177,319.0,0.555,16,59,0.271,68,105,0.648,100,221,321,50,23,48,55,127,NBA 2019-2020 Regular_Season Players Statistic
Damion Lee,GSW,49,"1,422.5",621.0,213,511.0,0.417,85,239,0.356,110,126,0.873,32,207,239,133,50,6,67,116,NBA 2019-2020 Regular_Season Players Statistic
Courtney Lee,DAL,24,345.5,107.0,40,82.0,0.488,21,47,0.447,6,7,0.857,7,25,32,12,18,6,11,33,NBA 2019-2020 Regular_Season Players Statistic
Jalen Lecque,PHX,5,31.6,10.0,4,10.0,0.4,0,4,0.0,2,2,1.0,0,2,2,2,0,0,2,3,NBA 2019-2020 Regular_Season Players Statistic
T.J. Leaf,IND,28,221.8,84.0,36,86.0,0.419,5,18,0.278,7,16,0.438,23,48,71,9,10,4,8,22,NBA 2019-2020 Regular_Season Players Statistic
Jake Layman,MIN,23,505.1,210.0,81,179.0,0.453,24,72,0.333,24,32,0.75,17,40,57,15,17,10,24,47,NBA 2019-2020 Regular_Season Players Statistic
Vic Law,ORL,8,61.9,15.0,6,18.0,0.333,1,7,0.143,2,6,0.333,2,9,11,3,2,0,2,6,NBA 2019-2020 Regular_Season Players Statistic
Zach LaVine,CHI,60,"2,085.5",1.53,539,1.199,0.45,184,484,0.38,268,334,0.802,41,248,289,254,88,28,206,131,NBA 2019-2020 Regular_Season Players Statistic
Romeo Langford,BOS,32,369.8,79.0,28,80.0,0.35,5,27,0.185,18,25,0.72,15,26,41,13,8,8,11,33,NBA 2019-2020 Regular_Season Players Statistic
Jeremy Lamb,IND,46,"1,291.2",577.0,216,479.0,0.451,53,158,0.335,92,110,0.836,24,176,200,96,55,22,50,104,NBA 2019-2020 Regular_Season Players Statistic
Skal Labissiere,POR,33,566.9,190.0,81,147.0,0.551,3,13,0.231,25,33,0.758,65,104,169,42,7,31,30,89,NBA 2019-2020 Regular_Season Players Statistic
Kyle Kuzma,LAL,61,"1,526.2",782.0,291,668.0,0.436,86,272,0.316,114,155,0.735,52,221,273,80,28,26,91,126,NBA 2019-2020 Regular_Season Players Statistic
Rodions Kurucs,BRK,47,683.6,215.0,79,177.0,0.446,33,90,0.367,24,38,0.632,25,112,137,51,25,5,46,90,NBA 2019-2020 Regular_Season Players Statistic
Kyle Korver,MIL,58,959.8,386.0,126,293.0,0.43,99,237,0.418,35,41,0.854,15,107,122,68,26,12,48,78,NBA 2019-2020 Regular_Season Players Statistic
Luke Kornet,CHI,36,558.6,215.0,82,187.0,0.439,31,108,0.287,20,28,0.714,22,62,84,32,11,26,14,54,NBA 2019-2020 Regular_Season Players Statistic
Furkan Korkmaz,PHI,72,"1,558.9",704.0,242,563.0,0.43,143,356,0.402,77,102,0.755,18,150,168,79,41,16,59,98,NBA 2019-2020 Regular_Season Players Statistic
John Konchar,MEM,19,181.1,54.0,24,37.0,0.649,5,10,0.5,1,2,0.5,18,29,47,22,7,3,7,7,NBA 2019-2020 Regular_Season Players Statistic
Kevin Knox,NYK,65,"1,166.1",419.0,144,401.0,0.359,65,199,0.327,66,101,0.653,28,156,184,61,23,28,45,106,NBA 2019-2020 Regular_Season Players Statistic
Brandon Knight,DET,25,462.5,183.0,59,167.0,0.353,45,131,0.344,20,34,0.588,4,37,41,69,10,3,38,40,NBA 2019-2020 Regular_Season Players Statistic
Maxi Kleber,DAL,74,"1,889.7",672.0,237,514.0,0.461,119,319,0.373,79,93,0.849,112,276,388,88,25,83,58,176,NBA 2019-2020 Regular_Season Players Statistic
Louis King,DET,10,62.2,20.0,8,21.0,0.381,4,11,0.364,0,3,0.0,1,9,10,5,2,0,2,10,NBA 2019-2020 Regular_Season Players Statistic
Michael Kidd-Gilchrist,DAL,25,280.6,60.0,22,66.0,0.333,5,20,0.25,11,14,0.786,14,53,67,14,2,6,16,37,NBA 2019-2020 Regular_Season Players Statistic
Stanton Kidd,UTA,4,15.3,0.0,0,3.0,0.0,0,1,0.0,0,0,0.0,0,3,3,1,0,0,2,3,NBA 2019-2020 Regular_Season Players Statistic
Luke Kennard,DET,28,921.9,442.0,151,342.0,0.442,73,183,0.399,67,75,0.893,9,89,98,115,12,6,43,65,NBA 2019-2020 Regular_Season Players Statistic
Frank Kaminsky,PHX,39,777.5,378.0,138,307.0,0.45,41,124,0.331,61,90,0.678,35,141,176,75,14,10,37,75,NBA 2019-2020 Regular_Season Players Statistic
Mfiondu Kabengele,LAC,12,64.4,42.0,14,32.0,0.438,9,20,0.45,5,5,1.0,1,10,11,2,2,2,2,9,NBA 2019-2020 Regular_Season Players Statistic
Cory Joseph,SAC,72,"1,759.5",458.0,171,412.0,0.415,56,159,0.352,60,70,0.857,44,144,188,251,53,21,80,133,NBA 2019-2020 Regular_Season Players Statistic
DeAndre Jordan,BRK,56,"1,234.3",465.0,191,287.0,0.666,0,0,0.0,83,122,0.68,141,420,561,105,18,52,74,114,NBA 2019-2020 Regular_Season Players Statistic
Tyus Jones,MEM,65,"1,232.1",484.0,197,429.0,0.459,47,124,0.379,43,58,0.741,9,94,103,285,59,6,55,44,NBA 2019-2020 Regular_Season Players Statistic
Derrick Jones,MIA,59,"1,375.0",500.0,184,349.0,0.527,37,132,0.28,95,123,0.772,66,167,233,62,58,38,30,130,NBA 2019-2020 Regular_Season Players Statistic
Damian Jones,ATL,55,887.0,306.0,121,178.0,0.68,2,9,0.222,62,84,0.738,74,132,206,35,26,40,28,149,NBA 2019-2020 Regular_Season Players Statistic
Nikola Jokic,DEN,73,"2,335.7",1.456,565,1.071,0.528,80,255,0.314,246,301,0.817,166,545,711,512,85,44,226,222,NBA 2019-2020 Regular_Season Players Statistic
Tyler Johnson,BRK,39,709.3,274.0,97,250.0,0.388,38,119,0.319,42,50,0.84,18,58,76,74,16,9,29,58,NBA 2019-2020 Regular_Season Players Statistic
Stanley Johnson,TOR,25,149.7,60.0,22,59.0,0.373,7,24,0.292,9,16,0.563,7,30,37,20,6,4,15,16,NBA 2019-2020 Regular_Season Players Statistic
Keldon Johnson,SAS,17,300.6,154.0,53,89.0,0.596,13,22,0.591,35,44,0.795,10,47,57,15,14,2,13,28,NBA 2019-2020 Regular_Season Players Statistic
James Johnson,MIN,32,619.5,270.0,103,215.0,0.479,33,91,0.363,31,48,0.646,25,93,118,74,25,32,48,80,NBA 2019-2020 Regular_Season Players Statistic
Cameron Johnson,PHX,57,"1,255.4",504.0,176,405.0,0.435,106,272,0.39,46,57,0.807,49,138,187,69,36,20,32,88,NBA 2019-2020 Regular_Season Players Statistic
B.J. Johnson,ORL,10,82.6,30.0,9,32.0,0.281,3,9,0.333,9,10,0.9,3,12,15,3,3,0,6,3,NBA 2019-2020 Regular_Season Players Statistic
Alize Johnson,IND,17,117.7,34.0,12,29.0,0.414,3,8,0.375,7,10,0.7,16,32,48,7,3,2,7,12,NBA 2019-2020 Regular_Season Players Statistic
Ty Jerome,PHX,31,327.6,102.0,38,113.0,0.336,14,50,0.28,12,16,0.75,7,39,46,44,15,3,18,29,NBA 2019-2020 Regular_Season Players Statistic
DaQuan Jeffries,SAC,13,141.1,50.0,20,40.0,0.5,5,18,0.278,5,6,0.833,3,15,18,7,4,1,2,19,NBA 2019-2020 Regular_Season Players Statistic
Amile Jefferson,ORL,18,74.3,15.0,5,14.0,0.357,0,0,0.0,5,14,0.357,10,13,23,4,1,3,3,7,NBA 2019-2020 Regular_Season Players Statistic
LeBron James,LAL,67,"2,316.3",1.698,643,1.303,0.493,148,425,0.348,264,381,0.693,66,459,525,684,78,36,261,118,NBA 2019-2020 Regular_Season Players Statistic
Justin James,SAC,36,232.3,89.0,35,84.0,0.417,9,29,0.31,10,21,0.476,6,26,32,18,6,9,8,17,NBA 2019-2020 Regular_Season Players Statistic
Reggie Jackson,LAC,31,742.6,370.0,134,326.0,0.411,57,145,0.393,45,54,0.833,17,75,92,126,13,5,51,59,NBA 2019-2020 Regular_Season Players Statistic
Justin Jackson,DAL,65,"1,044.6",360.0,135,341.0,0.396,48,163,0.294,42,50,0.84,27,127,154,52,15,10,14,69,NBA 2019-2020 Regular_Season Players Statistic
"Jaren Jackson, Jr.",MEM,57,"1,622.1",990.0,353,753.0,0.469,145,368,0.394,139,186,0.747,55,207,262,78,40,92,99,232,NBA 2019-2020 Regular_Season Players Statistic
Josh Jackson,MEM,22,381.5,198.0,70,159.0,0.44,23,72,0.319,35,50,0.7,11,55,66,35,18,9,28,40,NBA 2019-2020 Regular_Season Players Statistic
Frank Jackson,NOP,59,797.1,371.0,134,331.0,0.405,47,144,0.326,56,75,0.747,22,61,83,61,17,4,49,77,NBA 2019-2020 Regular_Season Players Statistic
Wesley Iwundu,ORL,52,953.3,300.0,97,233.0,0.416,28,82,0.341,78,97,0.804,24,107,131,60,25,13,26,80,NBA 2019-2020 Regular_Season Players Statistic
Jonathan Isaac,ORL,34,979.9,404.0,156,332.0,0.47,32,94,0.34,60,77,0.779,58,173,231,48,53,78,49,83,NBA 2019-2020 Regular_Season Players Statistic
Kyrie Irving,BRK,20,658.0,548.0,199,416.0,0.478,56,142,0.394,94,102,0.922,22,81,103,128,27,10,52,53,NBA 2019-2020 Regular_Season Players Statistic
Brandon Ingram,NOP,62,"2,103.5",1.477,507,1.096,0.463,150,384,0.391,313,368,0.851,51,328,379,259,61,38,189,179,NBA 2019-2020 Regular_Season Players Statistic
Joe Ingles,UTA,72,"2,136.6",707.0,246,553.0,0.445,141,353,0.399,74,94,0.787,27,251,278,373,65,11,142,154,NBA 2019-2020 Regular_Season Players Statistic
Ersan Ilyasova,MIL,63,986.4,414.0,146,313.0,0.466,50,137,0.365,72,87,0.828,62,240,302,49,24,17,34,95,NBA 2019-2020 Regular_Season Players Statistic
Andre Iguodala,MIA,21,418.1,96.0,38,88.0,0.432,14,47,0.298,6,15,0.4,17,61,78,51,14,21,26,35,NBA 2019-2020 Regular_Season Players Statistic
Serge Ibaka,TOR,55,"1,484.7",845.0,343,670.0,0.512,70,182,0.385,89,124,0.718,114,338,452,77,28,46,109,153,NBA 2019-2020 Regular_Season Players Statistic
Chandler Hutchison,CHI,28,526.8,218.0,80,175.0,0.457,12,38,0.316,46,78,0.59,18,90,108,26,27,7,27,47,NBA 2019-2020 Regular_Season Players Statistic
De'Andre Hunter,ATL,63,"2,017.9",778.0,280,683.0,0.41,108,304,0.355,110,144,0.764,44,242,286,112,44,18,103,182,NBA 2019-2020 Regular_Season Players Statistic
Kevin Huerter,ATL,56,"1,760.3",684.0,252,610.0,0.413,127,334,0.38,53,64,0.828,35,193,228,213,51,27,87,139,NBA 2019-2020 Regular_Season Players Statistic
William Howard,HOU,2,13.3,0.0,0,4.0,0.0,0,4,0.0,0,0,0.0,0,2,2,1,0,0,1,1,NBA 2019-2020 Regular_Season Players Statistic
Dwight Howard,LAL,69,"1,305.7",517.0,202,277.0,0.729,3,5,0.6,110,214,0.514,172,335,507,45,31,79,84,222,NBA 2019-2020 Regular_Season Players Statistic
Danuel House,HOU,63,"1,912.7",662.0,230,539.0,0.427,129,355,0.363,73,90,0.811,57,210,267,85,67,34,54,132,NBA 2019-2020 Regular_Season Players Statistic
Talen Horton-Tucker,LAL,6,81.2,34.0,14,30.0,0.467,4,13,0.308,2,4,0.5,2,5,7,6,8,1,6,10,NBA 2019-2020 Regular_Season Players Statistic
Al Horford,PHI,67,"2,025.6",798.0,319,709.0,0.45,99,283,0.35,61,80,0.763,103,353,456,270,52,61,80,142,NBA 2019-2020 Regular_Season Players Statistic
Rodney Hood,POR,21,618.7,230.0,87,172.0,0.506,35,71,0.493,21,27,0.778,10,62,72,32,17,4,19,46,NBA 2019-2020 Regular_Season Players Statistic
Richaun Holmes,SAC,44,"1,241.8",539.0,223,344.0,0.648,0,0,0.0,93,118,0.788,127,231,358,42,41,56,52,169,NBA 2019-2020 Regular_Season Players Statistic
Rondae Hollis-Jefferson,TOR,60,"1,121.9",418.0,155,329.0,0.471,3,23,0.13,105,143,0.734,110,173,283,106,46,23,59,115,NBA 2019-2020 Regular_Season Players Statistic
Justin Holiday,IND,73,"1,825.6",603.0,208,486.0,0.428,134,331,0.405,53,67,0.791,32,206,238,93,87,46,44,137,NBA 2019-2020 Regular_Season Players Statistic
Jrue Holiday,NOP,61,"2,116.9",1.167,458,1.006,0.455,122,346,0.353,129,182,0.709,77,216,293,408,99,48,184,145,NBA 2019-2020 Regular_Season Players Statistic
Aaron Holiday,IND,66,"1,617.3",627.0,233,563.0,0.414,87,221,0.394,74,87,0.851,22,134,156,225,55,16,88,120,NBA 2019-2020 Regular_Season Players Statistic
Jaylen Hoard,POR,13,103.0,38.0,15,32.0,0.469,0,3,0.0,8,13,0.615,14,18,32,4,5,0,4,12,NBA 2019-2020 Regular_Season Players Statistic
Solomon Hill,MIA,59,"1,088.1",323.0,110,278.0,0.396,63,171,0.368,40,54,0.741,29,136,165,104,43,12,51,85,NBA 2019-2020 Regular_Season Players Statistic
George Hill,MIL,59,"1,271.3",554.0,194,376.0,0.516,81,176,0.46,85,101,0.842,50,127,177,180,47,5,57,84,NBA 2019-2020 Regular_Season Players Statistic
Buddy Hield,SAC,72,"2,216.1",1.382,498,1.162,0.429,271,688,0.394,115,136,0.846,57,272,329,213,66,17,168,165,NBA 2019-2020 Regular_Season Players Statistic
Mario Hezonja,POR,53,871.4,256.0,92,218.0,0.422,24,78,0.308,48,59,0.814,30,154,184,50,36,9,42,107,NBA 2019-2020 Regular_Season Players Statistic
Kevin Hervey,OKC,10,52.1,17.0,7,27.0,0.259,3,20,0.15,0,0,0.0,1,11,12,5,1,1,0,4,NBA 2019-2020 Regular_Season Players Statistic
Tyler Herro,MIA,55,"1,508.1",743.0,270,631.0,0.428,116,298,0.389,87,100,0.87,16,208,224,121,34,9,87,76,NBA 2019-2020 Regular_Season Players Statistic
Willy Hernangomez,CHA,31,375.2,190.0,74,139.0,0.532,5,22,0.227,37,59,0.627,43,91,134,29,10,7,30,32,NBA 2019-2020 Regular_Season Players Statistic
Juancho Hernangomez,MIN,48,833.5,288.0,100,247.0,0.405,44,129,0.341,44,71,0.62,43,154,197,40,19,9,32,64,NBA 2019-2020 Regular_Season Players Statistic
Dewan Hernandez,TOR,6,28.3,14.0,5,14.0,0.357,1,2,0.5,3,5,0.6,5,9,14,3,1,0,3,6,NBA 2019-2020 Regular_Season Players Statistic
John Henson,DET,40,600.2,221.0,95,171.0,0.556,8,36,0.222,23,46,0.5,46,116,162,54,24,42,36,78,NBA 2019-2020 Regular_Season Players Statistic
Gordon Hayward,BOS,52,"1,740.0",909.0,350,700.0,0.5,85,222,0.383,124,145,0.855,55,293,348,212,38,22,96,96,NBA 2019-2020 Regular_Season Players Statistic
Jaxson Hayes,NOP,64,"1,079.7",472.0,174,260.0,0.669,1,4,0.25,123,190,0.647,98,162,260,56,26,55,53,161,NBA 2019-2020 Regular_Season Players Statistic
Udonis Haslem,MIA,4,44.1,12.0,4,11.0,0.364,1,3,0.333,3,4,0.75,1,15,16,1,0,0,1,6,NBA 2019-2020 Regular_Season Players Statistic
Isaiah Hartenstein,HOU,23,266.0,107.0,44,67.0,0.657,0,5,0.0,19,28,0.679,29,61,90,18,9,12,16,41,NBA 2019-2020 Regular_Season Players Statistic
Josh Hart,NOP,65,"1,755.2",656.0,225,532.0,0.423,121,354,0.342,85,115,0.739,61,364,425,108,63,23,75,160,NBA 2019-2020 Regular_Season Players Statistic
Shaquille Harrison,CHI,43,484.3,209.0,77,165.0,0.467,16,42,0.381,39,50,0.78,22,64,86,49,34,19,19,55,NBA 2019-2020 Regular_Season Players Statistic
Tobias Harris,PHI,72,"2,469.2",1.411,553,1.173,0.471,131,357,0.367,174,216,0.806,69,426,495,227,53,40,104,165,NBA 2019-2020 Regular_Season Players Statistic
Joe Harris,BRK,69,"2,122.9",998.0,381,784.0,0.486,172,406,0.424,64,89,0.719,64,234,298,144,41,17,104,159,NBA 2019-2020 Regular_Season Players Statistic
Gary Harris,DEN,56,"1,780.2",581.0,218,519.0,0.42,70,210,0.333,75,92,0.815,26,137,163,118,76,14,60,116,NBA 2019-2020 Regular_Season Players Statistic
Montrezl Harrell,LAC,63,"1,749.1",1.173,471,812.0,0.58,0,18,0.0,231,351,0.658,163,282,445,107,39,72,108,146,NBA 2019-2020 Regular_Season Players Statistic
Jared Harper,PHX,3,7.9,2.0,1,4.0,0.25,0,2,0.0,0,0,0.0,0,0,0,0,0,0,0,0,NBA 2019-2020 Regular_Season Players Statistic
Maurice Harkless,NYK,62,"1,426.8",357.0,142,283.0,0.502,34,98,0.347,39,66,0.591,55,185,240,68,58,33,53,148,NBA 2019-2020 Regular_Season Players Statistic
James Harden,HOU,68,"2,482.6",2.335,672,1.514,0.444,299,843,0.355,692,800,0.865,70,376,446,512,125,60,308,227,NBA 2019-2020 Regular_Season Players Statistic
Tim Hardaway Jr.,DAL,71,"2,091.2",1.121,384,884.0,0.434,204,513,0.398,149,182,0.819,25,207,232,137,41,5,69,125,NBA 2019-2020 Regular_Season Players Statistic
Gerald Hannahs,MEM,2,13.4,12.0,4,9.0,0.444,2,3,0.667,2,2,1.0,0,1,1,0,0,0,0,1,NBA 2019-2020 Regular_Season Players Statistic
Donta Hall,BRK,9,133.1,39.0,15,22.0,0.682,0,0,0.0,9,18,0.5,14,24,38,4,3,6,5,23,NBA 2019-2020 Regular_Season Players Statistic
Devon Hall,OKC,11,80.7,20.0,6,30.0,0.2,4,17,0.235,4,8,0.5,2,5,7,13,4,1,5,6,NBA 2019-2020 Regular_Season Players Statistic
Rui Hachimura,WAS,48,"1,444.1",649.0,254,545.0,0.466,25,87,0.287,116,140,0.829,78,216,294,87,37,8,53,105,NBA 2019-2020 Regular_Season Players Statistic
Kyle Guy,SAC,3,9.6,4.0,2,5.0,0.4,0,3,0.0,0,0,0.0,0,1,1,1,0,0,0,1,NBA 2019-2020 Regular_Season Players Statistic
Marko Guduric,MEM,44,483.6,173.0,62,157.0,0.395,25,83,0.301,24,26,0.923,14,59,73,45,12,8,36,34,NBA 2019-2020 Regular_Season Players Statistic
Blake Griffin,DET,18,512.3,279.0,88,250.0,0.352,27,111,0.243,76,98,0.776,17,67,84,59,7,7,40,27,NBA 2019-2020 Regular_Season Players Statistic
Jeff Green,HOU,48,960.1,453.0,159,344.0,0.462,62,183,0.339,73,91,0.802,24,109,133,50,26,19,42,89,NBA 2019-2020 Regular_Season Players Statistic
Javonte Green,BOS,48,467.9,163.0,63,126.0,0.5,9,33,0.273,28,42,0.667,24,69,93,26,24,8,23,43,NBA 2019-2020 Regular_Season Players Statistic
JaMychal Green,LAC,63,"1,307.0",430.0,151,352.0,0.429,92,238,0.387,36,48,0.75,77,311,388,49,29,24,54,174,NBA 2019-2020 Regular_Season Players Statistic
Draymond Green,GSW,43,"1,221.6",345.0,123,316.0,0.389,36,129,0.279,63,83,0.759,23,243,266,266,59,33,98,110,NBA 2019-2020 Regular_Season Players Statistic
Danny Green,LAL,68,"1,686.7",547.0,197,474.0,0.416,120,327,0.367,33,48,0.688,51,174,225,91,85,32,63,136,NBA 2019-2020 Regular_Season Players Statistic
Josh Gray,NOP,2,22.7,2.0,1,2.0,0.5,0,0,0.0,0,0,0.0,1,1,2,2,0,0,5,1,NBA 2019-2020 Regular_Season Players Statistic
Jerian Grant,WAS,6,80.3,27.0,10,27.0,0.37,2,8,0.25,5,7,0.714,2,4,6,9,1,1,3,11,NBA 2019-2020 Regular_Season Players Statistic
Jerami Grant,DEN,71,"1,891.8",851.0,303,634.0,0.478,98,252,0.389,147,196,0.75,58,190,248,88,50,57,63,154,NBA 2019-2020 Regular_Season Players Statistic
Treveon Graham,ATL,55,929.5,243.0,87,242.0,0.36,33,120,0.275,36,56,0.643,51,99,150,45,24,6,29,102,NBA 2019-2020 Regular_Season Players Statistic
Devonte' Graham,CHA,63,"2,211.3",1.145,368,963.0,0.382,218,585,0.373,191,233,0.82,42,170,212,471,62,15,181,115,NBA 2019-2020 Regular_Season Players Statistic
Eric Gordon,HOU,36,"1,016.2",520.0,171,463.0,0.369,96,303,0.317,82,107,0.766,9,62,71,54,23,13,43,70,NBA 2019-2020 Regular_Season Players Statistic
Aaron Gordon,ORL,62,"2,017.2",894.0,335,767.0,0.437,73,237,0.308,151,224,0.674,107,368,475,228,51,39,100,125,NBA 2019-2020 Regular_Season Players Statistic
Brandon Goodwin,ATL,34,430.5,206.0,76,190.0,0.4,26,87,0.299,28,30,0.933,11,61,72,51,12,4,29,43,NBA 2019-2020 Regular_Season Players Statistic
Rudy Gobert,UTA,68,"2,332.8",1.026,386,557.0,0.693,0,0,0.0,254,403,0.63,230,686,916,101,51,135,130,215,NBA 2019-2020 Regular_Season Players Statistic
Shai Gilgeous-Alexander,OKC,70,"2,428.5",1.331,478,1.015,0.471,87,251,0.347,288,357,0.807,47,365,412,232,79,47,134,117,NBA 2019-2020 Regular_Season Players Statistic
Harry Giles,SAC,46,667.1,316.0,139,251.0,0.554,0,2,0.0,38,49,0.776,43,145,188,60,22,18,44,119,NBA 2019-2020 Regular_Season Players Statistic
Taj Gibson,NYK,62,"1,025.1",379.0,167,286.0,0.584,4,14,0.286,41,56,0.732,111,156,267,52,27,30,47,122,NBA 2019-2020 Regular_Season Players Statistic
Paul George,LAC,48,"1,418.9",1.033,343,782.0,0.439,157,381,0.412,190,217,0.876,24,248,272,185,68,20,125,113,NBA 2019-2020 Regular_Season Players Statistic
Rudy Gay,SAS,67,"1,460.6",726.0,266,596.0,0.446,74,220,0.336,120,136,0.882,61,301,362,114,35,33,88,103,NBA 2019-2020 Regular_Season Players Statistic
Marc Gasol,TOR,44,"1,161.2",331.0,119,279.0,0.427,57,148,0.385,36,49,0.735,31,244,275,147,34,38,59,124,NBA 2019-2020 Regular_Season Players Statistic
Darius Garland,CLE,59,"1,824.0",728.0,280,699.0,0.401,105,296,0.355,63,72,0.875,27,84,111,229,42,4,151,92,NBA 2019-2020 Regular_Season Players Statistic
Langston Galloway,DET,66,"1,702.2",677.0,236,542.0,0.435,132,331,0.399,73,85,0.859,33,116,149,101,48,11,40,96,NBA 2019-2020 Regular_Season Players Statistic
Danilo Gallinari,OKC,62,"1,834.0",1.16,358,817.0,0.438,178,439,0.405,266,298,0.893,34,288,322,119,42,5,76,75,NBA 2019-2020 Regular_Season Players Statistic
Daniel Gafford,CHI,43,609.1,220.0,94,134.0,0.701,0,0,0.0,32,60,0.533,52,54,106,21,13,56,29,98,NBA 2019-2020 Regular_Season Players Statistic
Wenyen Gabriel,POR,30,234.9,63.0,21,48.0,0.438,6,20,0.3,15,22,0.682,21,31,52,8,11,7,16,39,NBA 2019-2020 Regular_Season Players Statistic
Markelle Fultz,ORL,72,"1,996.0",870.0,359,772.0,0.465,36,135,0.267,116,159,0.73,41,197,238,369,90,11,147,142,NBA 2019-2020 Regular_Season Players Statistic
Enes Freedom,BOS,58,983.5,469.0,199,348.0,0.572,1,7,0.143,70,99,0.707,163,268,431,56,22,41,56,100,NBA 2019-2020 Regular_Season Players Statistic
Tim Frazier,DET,27,354.8,97.0,34,94.0,0.362,10,30,0.333,19,24,0.792,9,24,33,93,14,4,36,42,NBA 2019-2020 Regular_Season Players Statistic
Michael Frazier,HOU,13,144.6,27.0,7,29.0,0.241,4,23,0.174,9,14,0.643,1,9,10,2,2,0,5,22,NBA 2019-2020 Regular_Season Players Statistic
"Melvin Frazier, Jr.",ORL,19,125.9,40.0,15,34.0,0.441,8,16,0.5,2,4,0.5,2,8,10,3,9,2,5,11,NBA 2019-2020 Regular_Season Players Statistic
De'Aaron Fox,SAC,51,"1,634.3",1.077,391,815.0,0.48,54,185,0.292,241,342,0.705,35,161,196,348,74,25,158,145,NBA 2019-2020 Regular_Season Players Statistic
Evan Fournier,ORL,66,"2,075.7",1.221,434,929.0,0.467,173,434,0.399,180,220,0.818,18,153,171,209,71,15,125,161,NBA 2019-2020 Regular_Season Players Statistic
Bryn Forbes,SAS,63,"1,579.3",707.0,242,581.0,0.417,148,381,0.388,75,90,0.833,12,114,126,108,33,0,57,113,NBA 2019-2020 Regular_Season Players Statistic
Dorian Finney-Smith,DAL,71,"2,119.8",678.0,243,522.0,0.466,114,303,0.376,78,108,0.722,145,260,405,114,45,39,69,178,NBA 2019-2020 Regular_Season Players Statistic
Yogi Ferrell,SAC,50,529.7,218.0,79,188.0,0.42,24,79,0.304,36,42,0.857,6,43,49,69,18,4,28,38,NBA 2019-2020 Regular_Season Players Statistic
Bruno Fernando,ATL,56,712.7,240.0,103,199.0,0.518,5,37,0.135,29,51,0.569,67,131,198,49,18,17,42,107,NBA 2019-2020 Regular_Season Players Statistic
Terrance Ferguson,OKC,56,"1,257.5",220.0,78,220.0,0.355,49,168,0.292,15,20,0.75,23,51,74,51,27,17,31,155,NBA 2019-2020 Regular_Season Players Statistic
Cristiano Felicio,CHI,22,385.8,86.0,34,54.0,0.63,0,2,0.0,18,23,0.783,55,47,102,16,10,2,18,34,NBA 2019-2020 Regular_Season Players Statistic
Derrick Favors,NOP,51,"1,242.6",459.0,209,339.0,0.617,1,7,0.143,40,71,0.563,163,338,501,81,30,46,55,107,NBA 2019-2020 Regular_Season Players Statistic
Tacko Fall,BOS,7,32.5,23.0,11,14.0,0.786,0,0,0.0,1,3,0.333,1,14,15,1,1,4,3,7,NBA 2019-2020 Regular_Season Players Statistic
Dante Exum,CLE,35,485.6,159.0,56,119.0,0.471,15,43,0.349,32,43,0.744,12,55,67,40,13,8,31,38,NBA 2019-2020 Regular_Season Players Statistic
Jacob Evans,MIN,29,418.2,128.0,45,134.0,0.336,13,39,0.333,25,29,0.862,9,32,41,31,11,12,25,41,NBA 2019-2020 Regular_Season Players Statistic
Drew Eubanks,SAS,22,272.2,107.0,43,67.0,0.642,1,1,1.0,20,26,0.769,28,57,85,15,5,17,21,37,NBA 2019-2020 Regular_Season Players Statistic
James Ennis,ORL,69,"1,265.9",454.0,160,359.0,0.446,55,169,0.325,79,98,0.806,71,174,245,63,35,22,58,137,NBA 2019-2020 Regular_Season Players Statistic
Joel Embiid,PHI,51,"1,505.9",1.172,382,801.0,0.477,57,172,0.331,351,435,0.807,141,452,593,152,45,65,159,174,NBA 2019-2020 Regular_Season Players Statistic
Wayne Ellington,NYK,36,558.4,183.0,61,174.0,0.351,50,143,0.35,11,13,0.846,4,61,65,44,13,4,18,41,NBA 2019-2020 Regular_Season Players Statistic
Henry Ellenson,BRK,5,15.1,2.0,1,7.0,0.143,0,4,0.0,0,0,0.0,2,4,6,1,0,0,0,1,NBA 2019-2020 Regular_Season Players Statistic
Carsen Edwards,BOS,37,350.5,121.0,42,128.0,0.328,24,76,0.316,13,19,0.684,6,41,47,24,12,4,15,34,NBA 2019-2020 Regular_Season Players Statistic
Kris Dunn,CHI,51,"1,268.6",373.0,152,342.0,0.444,29,112,0.259,40,54,0.741,23,163,186,173,101,17,68,158,NBA 2019-2020 Regular_Season Players Statistic
Jared Dudley,LAL,45,363.5,68.0,24,60.0,0.4,18,42,0.429,2,2,1.0,6,46,52,28,15,3,8,41,NBA 2019-2020 Regular_Season Players Statistic
Andre Drummond,CLE,57,"1,878.4",1.01,418,784.0,0.533,5,35,0.143,169,294,0.575,250,614,864,152,109,93,203,201,NBA 2019-2020 Regular_Season Players Statistic
Goran Dragic,MIA,59,"1,662.9",953.0,319,724.0,0.441,124,338,0.367,191,246,0.776,29,158,187,301,40,10,144,124,NBA 2019-2020 Regular_Season Players Statistic
P.J. Dozier,DEN,29,411.6,168.0,65,157.0,0.414,17,49,0.347,21,29,0.724,10,45,55,63,14,6,27,45,NBA 2019-2020 Regular_Season Players Statistic
Sekou Doumbouya,DET,38,753.8,243.0,92,236.0,0.39,28,98,0.286,31,46,0.674,20,98,118,19,20,8,35,80,NBA 2019-2020 Regular_Season Players Statistic
Damyean Dotson,NYK,48,836.0,321.0,120,290.0,0.414,59,163,0.362,22,33,0.667,10,81,91,57,23,4,21,44,NBA 2019-2020 Regular_Season Players Statistic
Luguentz Dort,OKC,36,820.4,244.0,86,218.0,0.394,30,101,0.297,42,53,0.792,24,57,81,27,31,4,22,97,NBA 2019-2020 Regular_Season Players Statistic
Luka Doncic,DAL,61,"2,047.4",1.759,581,1.255,0.463,171,541,0.316,426,562,0.758,78,495,573,538,61,14,260,153,NBA 2019-2020 Regular_Season Players Statistic
Donte DiVincenzo,MIL,66,"1,520.4",610.0,232,510.0,0.455,83,247,0.336,63,86,0.733,66,252,318,154,85,20,90,113,NBA 2019-2020 Regular_Season Players Statistic
Spencer Dinwiddie,BRK,64,"1,994.1",1.318,424,1.021,0.415,123,400,0.308,347,446,0.778,32,189,221,432,40,21,174,180,NBA 2019-2020 Regular_Season Players Statistic
Gorgui Dieng,MEM,63,"1,096.5",464.0,166,364.0,0.456,54,152,0.355,78,101,0.772,91,263,354,73,51,59,60,124,NBA 2019-2020 Regular_Season Players Statistic
Hamidou Diallo,OKC,46,895.6,318.0,132,296.0,0.446,16,57,0.281,38,63,0.603,44,123,167,36,37,9,51,101,NBA 2019-2020 Regular_Season Players Statistic
Cheick Diallo,PHX,47,478.5,219.0,92,142.0,0.648,1,3,0.333,34,39,0.872,30,101,131,22,11,12,32,55,NBA 2019-2020 Regular_Season Players Statistic
DeMar DeRozan,SAS,68,"2,316.4",1.504,557,1.049,0.531,9,35,0.257,381,451,0.845,44,331,375,380,70,20,164,180,NBA 2019-2020 Regular_Season Players Statistic
Matt Dellavedova,CLE,57,820.7,177.0,62,175.0,0.354,21,91,0.231,32,37,0.865,18,57,75,180,20,2,59,78,NBA 2019-2020 Regular_Season Players Statistic
Dewayne Dedmon,ATL,44,773.7,256.0,102,255.0,0.4,22,107,0.206,30,36,0.833,60,189,249,22,25,41,57,133,NBA 2019-2020 Regular_Season Players Statistic
Terence Davis,TOR,72,"1,209.2",543.0,199,436.0,0.456,94,242,0.388,51,59,0.864,50,187,237,115,39,14,76,124,NBA 2019-2020 Regular_Season Players Statistic
Ed Davis,UTA,28,303.5,51.0,22,46.0,0.478,0,0,0.0,7,14,0.5,35,70,105,12,11,9,13,61,NBA 2019-2020 Regular_Season Players Statistic
Anthony Davis,LAL,62,"2,131.4",1.618,551,1.096,0.503,72,218,0.33,444,525,0.846,142,435,577,200,91,143,154,156,NBA 2019-2020 Regular_Season Players Statistic
Troy Daniels,DEN,47,531.9,200.0,72,186.0,0.387,46,132,0.348,10,16,0.625,12,40,52,17,11,3,12,37,NBA 2019-2020 Regular_Season Players Statistic
Stephen Curry,GSW,5,139.3,104.0,33,82.0,0.402,12,49,0.245,26,26,1.0,4,22,26,33,5,2,16,11,NBA 2019-2020 Regular_Season Players Statistic
Seth Curry,DAL,64,"1,575.6",793.0,284,574.0,0.495,145,321,0.452,80,97,0.825,27,118,145,124,38,9,62,113,NBA 2019-2020 Regular_Season Players Statistic
Jarrett Culver,MIN,63,"1,505.6",580.0,230,569.0,0.404,66,221,0.299,54,117,0.462,70,142,212,110,57,38,81,125,NBA 2019-2020 Regular_Season Players Statistic
Jae Crowder,MIA,65,"1,874.8",684.0,226,563.0,0.401,135,394,0.343,97,125,0.776,52,332,384,161,72,24,69,143,NBA 2019-2020 Regular_Season Players Statistic
Jamal Crawford,BRK,1,6.0,5.0,2,4.0,0.5,1,2,0.5,0,0,0.0,0,0,0,3,0,0,0,1,NBA 2019-2020 Regular_Season Players Statistic
Torrey Craig,DEN,58,"1,071.9",315.0,124,269.0,0.461,45,138,0.326,22,36,0.611,63,126,189,47,23,36,25,135,NBA 2019-2020 Regular_Season Players Statistic
Allen Crabbe,MIN,37,653.0,172.0,63,177.0,0.356,36,119,0.303,10,14,0.714,11,66,77,33,15,4,17,47,NBA 2019-2020 Regular_Season Players Statistic
Robert Covington,HOU,70,"2,136.8",870.0,305,723.0,0.422,161,480,0.335,99,124,0.798,63,400,463,88,115,93,103,220,NBA 2019-2020 Regular_Season Players Statistic
Tyler Cook,DEN,13,54.1,23.0,8,12.0,0.667,0,0,0.0,7,8,0.875,6,8,14,1,3,0,3,5,NBA 2019-2020 Regular_Season Players Statistic
Quinn Cook,LAL,44,508.0,224.0,91,214.0,0.425,31,85,0.365,11,14,0.786,11,40,51,49,12,2,33,27,NBA 2019-2020 Regular_Season Players Statistic
Pat Connaughton,MIL,67,"1,243.0",360.0,137,301.0,0.455,55,166,0.331,31,40,0.775,60,224,284,107,25,31,52,70,NBA 2019-2020 Regular_Season Players Statistic
Mike Conley,UTA,47,"1,363.3",675.0,232,567.0,0.409,96,256,0.375,115,139,0.827,33,118,151,208,36,5,92,104,NBA 2019-2020 Regular_Season Players Statistic
Zach Collins,POR,11,289.9,77.0,32,68.0,0.471,7,19,0.368,6,8,0.75,25,44,69,16,5,5,14,36,NBA 2019-2020 Regular_Season Players Statistic
John Collins,ATL,41,"1,363.2",885.0,353,605.0,0.583,59,147,0.401,120,150,0.8,116,300,416,60,31,66,75,138,NBA 2019-2020 Regular_Season Players Statistic
Amir Coffey,LAC,18,159.0,58.0,23,54.0,0.426,6,19,0.316,6,11,0.545,4,12,16,14,5,2,8,20,NBA 2019-2020 Regular_Season Players Statistic
Antonius Cleveland,DAL,11,45.7,11.0,4,14.0,0.286,0,3,0.0,3,5,0.6,2,5,7,1,1,3,2,8,NBA 2019-2020 Regular_Season Players Statistic
Chris Clemons,HOU,33,290.5,161.0,57,142.0,0.401,37,107,0.346,10,11,0.909,4,26,30,27,9,6,19,26,NBA 2019-2020 Regular_Season Players Statistic
Nicolas Claxton,BRK,15,186.9,66.0,27,48.0,0.563,1,7,0.143,11,21,0.524,19,25,44,16,1,8,9,14,NBA 2019-2020 Regular_Season Players Statistic
Jordan Clarkson,UTA,71,"1,704.7",1.078,394,867.0,0.454,152,413,0.368,138,165,0.836,50,137,187,136,46,16,97,108,NBA 2019-2020 Regular_Season Players Statistic
Brandon Clarke,MEM,58,"1,300.0",700.0,296,479.0,0.618,23,64,0.359,85,112,0.759,92,253,345,81,32,48,55,100,NBA 2019-2020 Regular_Season Players Statistic
Gary Clark,ORL,42,566.4,156.0,54,133.0,0.406,39,111,0.351,9,10,0.9,37,73,110,17,6,22,10,46,NBA 2019-2020 Regular_Season Players Statistic
Marquese Chriss,GSW,59,"1,196.2",548.0,210,385.0,0.545,8,39,0.205,120,156,0.769,114,251,365,114,39,62,78,122,NBA 2019-2020 Regular_Season Players Statistic
Chris Chiozza,BRK,28,401.0,142.0,55,140.0,0.393,27,72,0.375,5,5,1.0,9,44,53,83,21,4,32,37,NBA 2019-2020 Regular_Season Players Statistic
Zylan Cheatham,NOP,4,51.0,12.0,6,9.0,0.667,0,1,0.0,0,0,0.0,3,6,9,3,1,1,4,10,NBA 2019-2020 Regular_Season Players Statistic
Joe Chealey,CHA,4,33.5,2.0,0,7.0,0.0,0,4,0.0,2,2,1.0,0,0,0,1,4,0,2,2,NBA 2019-2020 Regular_Season Players Statistic
Wilson Chandler,BRK,35,734.2,205.0,74,183.0,0.404,37,121,0.306,20,23,0.87,12,134,146,39,16,12,34,79,NBA 2019-2020 Regular_Season Players Statistic
Tyson Chandler,HOU,26,219.2,34.0,14,18.0,0.778,0,0,0.0,6,13,0.462,25,41,66,6,6,8,8,32,NBA 2019-2020 Regular_Season Players Statistic
Willie Cauley-Stein,DAL,54,"1,097.5",390.0,175,302.0,0.579,0,1,0.0,40,66,0.606,84,231,315,70,50,60,40,121,NBA 2019-2020 Regular_Season Players Statistic
Alex Caruso,LAL,64,"1,175.2",349.0,120,291.0,0.412,40,120,0.333,69,94,0.734,17,106,123,124,70,18,53,98,NBA 2019-2020 Regular_Season Players Statistic
Michael Carter-Williams,ORL,45,833.1,323.0,111,260.0,0.427,22,75,0.293,79,95,0.832,46,101,147,109,49,22,52,87,NBA 2019-2020 Regular_Season Players Statistic
Vince Carter,ATL,60,875.5,298.0,107,304.0,0.352,61,202,0.302,23,29,0.793,18,106,124,48,23,25,33,90,NBA 2019-2020 Regular_Season Players Statistic
"Wendell Carter, Jr.",CHI,43,"1,255.9",484.0,183,343.0,0.534,6,29,0.207,112,152,0.737,139,266,405,51,33,36,72,162,NBA 2019-2020 Regular_Season Players Statistic
Jevon Carter,PHX,58,945.0,287.0,101,243.0,0.416,62,146,0.425,23,27,0.852,30,88,118,84,47,17,32,86,NBA 2019-2020 Regular_Season Players Statistic
DeMarre Carroll,HOU,24,289.9,87.0,25,66.0,0.379,8,33,0.242,29,42,0.69,12,43,55,25,8,5,17,32,NBA 2019-2020 Regular_Season Players Statistic
Clint Capela,HOU,39,"1,279.4",543.0,244,388.0,0.629,0,0,0.0,55,104,0.529,168,369,537,48,33,72,63,102,NBA 2019-2020 Regular_Season Players Statistic
Vlatko Cancar,DEN,14,45.4,17.0,6,15.0,0.4,1,6,0.167,4,4,1.0,5,5,10,3,1,1,3,7,NBA 2019-2020 Regular_Season Players Statistic
Kentavious Caldwell-Pope,LAL,69,"1,761.9",645.0,237,507.0,0.467,92,239,0.385,79,102,0.775,38,104,142,111,57,14,62,128,NBA 2019-2020 Regular_Season Players Statistic
Devontae Cacok,LAL,1,8.9,6.0,3,6.0,0.5,0,0,0.0,0,0,0.0,2,3,5,1,0,0,0,0,NBA 2019-2020 Regular_Season Players Statistic
Bruno Caboclo,HOU,30,244.2,90.0,38,89.0,0.427,6,33,0.182,8,9,0.889,23,37,60,12,15,17,13,31,NBA 2019-2020 Regular_Season Players Statistic
Jimmy Butler,MIA,58,"1,959.3",1.157,345,758.0,0.455,29,119,0.244,438,525,0.834,106,280,386,350,103,32,127,81,NBA 2019-2020 Regular_Season Players Statistic
Deonte Burton,OKC,39,356.4,104.0,43,125.0,0.344,10,53,0.189,8,14,0.571,7,50,57,17,7,10,19,34,NBA 2019-2020 Regular_Season Players Statistic
Alec Burks,PHI,66,"1,754.2",993.0,321,768.0,0.418,116,301,0.385,235,265,0.887,48,234,282,189,62,17,91,128,NBA 2019-2020 Regular_Season Players Statistic
Trey Burke,DAL,33,520.0,243.0,94,209.0,0.45,32,75,0.427,23,29,0.793,16,34,50,83,16,2,21,33,NBA 2019-2020 Regular_Season Players Statistic
Reggie Bullock,NYK,29,684.3,234.0,90,224.0,0.402,37,111,0.333,17,21,0.81,13,55,68,42,25,3,19,56,NBA 2019-2020 Regular_Season Players Statistic
Thomas Bryant,WAS,46,"1,146.9",609.0,243,418.0,0.581,37,91,0.407,86,116,0.741,98,233,331,83,25,49,53,103,NBA 2019-2020 Regular_Season Players Statistic
Jalen Brunson,DAL,57,"1,022.0",466.0,181,388.0,0.466,43,120,0.358,61,75,0.813,22,112,134,188,22,4,66,74,NBA 2019-2020 Regular_Season Players Statistic
Sterling Brown,MIL,52,766.6,266.0,95,256.0,0.371,44,136,0.324,32,40,0.8,31,152,183,51,29,7,42,54,NBA 2019-2020 Regular_Season Players Statistic
Moses Brown,POR,9,32.8,11.0,4,10.0,0.4,0,0,0.0,3,8,0.375,3,11,14,1,1,1,3,7,NBA 2019-2020 Regular_Season Players Statistic
"Troy Brown, Jr.",WAS,69,"1,781.9",716.0,273,622.0,0.439,61,179,0.341,109,139,0.784,76,307,383,178,85,7,79,132,NBA 2019-2020 Regular_Season Players Statistic
"Charlie Brown, Jr.",ATL,10,40.4,20.0,6,19.0,0.316,3,9,0.333,5,5,1.0,2,2,4,2,2,2,3,3,NBA 2019-2020 Regular_Season Players Statistic
"Bruce Brown, Jr.",DET,58,"1,634.0",517.0,198,447.0,0.443,33,96,0.344,88,119,0.739,61,213,274,230,63,29,100,162,NBA 2019-2020 Regular_Season Players Statistic
Jaylen Brown,BOS,57,"1,933.7",1.159,427,887.0,0.481,129,338,0.382,176,243,0.724,62,302,364,118,65,20,125,167,NBA 2019-2020 Regular_Season Players Statistic
Dillon Brooks,MEM,73,"2,112.0",1.181,435,1.068,0.407,147,411,0.358,164,203,0.808,68,175,243,150,63,27,124,278,NBA 2019-2020 Regular_Season Players Statistic
Malcolm Brogdon,IND,54,"1,666.3",893.0,326,744.0,0.438,75,230,0.326,166,186,0.892,46,216,262,381,35,10,131,98,NBA 2019-2020 Regular_Season Players Statistic
Ryan Broekhoff,DAL,17,180.1,71.0,22,59.0,0.373,20,51,0.392,7,8,0.875,5,38,43,11,5,4,6,15,NBA 2019-2020 Regular_Season Players Statistic
Oshae Brissett,TOR,19,135.1,37.0,13,36.0,0.361,3,15,0.2,8,10,0.8,9,17,26,7,4,1,7,18,NBA 2019-2020 Regular_Season Players Statistic
Miles Bridges,CHA,65,"1,995.5",843.0,319,753.0,0.424,99,300,0.33,106,131,0.809,88,274,362,114,40,48,95,132,NBA 2019-2020 Regular_Season Players Statistic
Mikal Bridges,PHX,73,"2,042.1",667.0,247,484.0,0.51,70,194,0.361,103,122,0.844,66,226,292,129,102,46,73,163,NBA 2019-2020 Regular_Season Players Statistic
Corey Brewer,SAC,5,32.5,5.0,2,4.0,0.5,0,1,0.0,1,3,0.333,2,6,8,2,4,0,2,7,NBA 2019-2020 Regular_Season Players Statistic
Ignas Brazdeikis,NYK,9,53.3,17.0,6,22.0,0.273,1,9,0.111,4,5,0.8,2,3,5,4,0,1,2,3,NBA 2019-2020 Regular_Season Players Statistic
Jarrell Brantley,UTA,9,96.0,24.0,10,28.0,0.357,3,13,0.231,1,2,0.5,2,18,20,11,3,5,7,7,NBA 2019-2020 Regular_Season Players Statistic
Tony Bradley,UTA,58,663.2,285.0,126,189.0,0.667,3,3,1.0,30,46,0.652,111,156,267,23,14,33,30,115,NBA 2019-2020 Regular_Season Players Statistic
Avery Bradley,LAL,49,"1,186.5",423.0,170,383.0,0.444,63,173,0.364,20,24,0.833,18,97,115,63,43,5,47,110,NBA 2019-2020 Regular_Season Players Statistic
Ky Bowman,GSW,45,"1,015.2",335.0,134,321.0,0.417,33,107,0.308,34,41,0.829,24,96,120,131,44,10,70,102,NBA 2019-2020 Regular_Season Players Statistic
Brian Bowen II,IND,6,31.1,6.0,3,10.0,0.3,0,2,0.0,0,0,0.0,1,6,7,0,0,1,1,3,NBA 2019-2020 Regular_Season Players Statistic
Chris Boucher,TOR,62,818.6,411.0,141,299.0,0.472,38,118,0.322,91,116,0.784,107,170,277,26,22,61,28,114,NBA 2019-2020 Regular_Season Players Statistic
Devin Booker,PHX,70,"2,511.8",1.863,627,1.283,0.489,141,398,0.354,468,509,0.919,29,268,297,456,49,18,264,213,NBA 2019-2020 Regular_Season Players Statistic
Isaac Bonga,WAS,66,"1,249.6",330.0,118,234.0,0.504,25,71,0.352,69,85,0.812,71,151,222,76,45,22,58,156,NBA 2019-2020 Regular_Season Players Statistic
Jordan Bone,DET,10,53.0,12.0,5,20.0,0.25,2,10,0.2,0,0,0.0,0,4,4,8,1,0,2,6,NBA 2019-2020 Regular_Season Players Statistic
Marques Bolden,CLE,1,2.8,0.0,0,0.0,0.0,0,0,0.0,0,0,0.0,0,2,2,0,1,0,0,1,NBA 2019-2020 Regular_Season Players Statistic
Jonah Bolden,PHX,7,47.1,10.0,4,11.0,0.364,0,4,0.0,2,4,0.5,3,6,9,0,3,2,2,10,NBA 2019-2020 Regular_Season Players Statistic
Bol Bol,DEN,7,86.9,40.0,14,28.0,0.5,4,9,0.444,8,10,0.8,5,14,19,6,2,6,10,11,NBA 2019-2020 Regular_Season Players Statistic
Bojan Bogdanovic,UTA,63,"2,082.8",1.275,418,935.0,0.447,189,457,0.414,250,277,0.903,39,220,259,131,34,7,159,110,NBA 2019-2020 Regular_Season Players Statistic
Bogdan Bogdanovic,SAC,61,"1,765.9",924.0,337,766.0,0.44,164,441,0.372,86,116,0.741,26,181,207,207,64,15,102,133,NBA 2019-2020 Regular_Season Players Statistic
Eric Bledsoe,MIL,61,"1,646.3",911.0,334,703.0,0.475,74,215,0.344,169,214,0.79,43,239,282,328,57,26,148,128,NBA 2019-2020 Regular_Season Players Statistic
Nemanja Bjelica,SAC,72,"2,011.1",831.0,314,653.0,0.481,134,320,0.419,69,84,0.821,111,347,458,203,62,40,99,216,NBA 2019-2020 Regular_Season Players Statistic
Bismack Biyombo,CHA,53,"1,029.1",393.0,151,278.0,0.543,0,0,0.0,91,151,0.603,120,188,308,50,10,49,48,116,NBA 2019-2020 Regular_Season Players Statistic
Goga Bitadze,IND,54,471.3,172.0,70,150.0,0.467,8,42,0.19,24,33,0.727,25,81,106,23,10,37,28,65,NBA 2019-2020 Regular_Season Players Statistic
Khem Birch,ORL,48,922.0,212.0,73,143.0,0.51,0,1,0.0,66,101,0.653,91,129,220,50,20,23,31,91,NBA 2019-2020 Regular_Season Players Statistic
Patrick Beverley,LAC,51,"1,341.8",405.0,147,341.0,0.431,80,206,0.388,31,47,0.66,57,209,266,183,54,25,66,156,NBA 2019-2020 Regular_Season Players Statistic
Davis Bertans,WAS,54,"1,583.1",834.0,265,610.0,0.434,200,472,0.424,104,122,0.852,35,210,245,92,37,33,59,139,NBA 2019-2020 Regular_Season Players Statistic
Dragan Bender,GSW,16,285.6,107.0,41,92.0,0.446,15,43,0.349,10,14,0.714,16,57,73,28,4,9,21,42,NBA 2019-2020 Regular_Season Players Statistic
DeAndre' Bembry,ATL,43,915.3,249.0,104,228.0,0.456,15,65,0.231,26,48,0.542,34,118,152,81,55,19,60,84,NBA 2019-2020 Regular_Season Players Statistic
Jordan Bell,MEM,29,256.4,93.0,35,67.0,0.522,4,12,0.333,19,31,0.613,30,51,81,16,3,10,21,19,NBA 2019-2020 Regular_Season Players Statistic
Marco Belinelli,SAS,57,883.4,361.0,123,314.0,0.392,67,178,0.376,48,58,0.828,7,92,99,69,12,1,19,45,NBA 2019-2020 Regular_Season Players Statistic
Malik Beasley,MIN,55,"1,208.6",615.0,227,534.0,0.425,107,276,0.388,54,66,0.818,18,130,148,75,40,8,57,77,NBA 2019-2020 Regular_Season Players Statistic
Bradley Beal,WAS,57,"2,053.2",1.741,593,1.303,0.455,170,481,0.353,385,457,0.842,52,190,242,347,71,23,194,126,NBA 2019-2020 Regular_Season Players Statistic
Darius Bazley,OKC,61,"1,129.6",342.0,125,317.0,0.394,49,141,0.348,43,62,0.694,30,216,246,41,23,41,45,55,NBA 2019-2020 Regular_Season Players Statistic
Kent Bazemore,SAC,68,"1,687.6",597.0,200,534.0,0.375,84,244,0.344,113,147,0.769,27,267,294,93,74,40,91,196,NBA 2019-2020 Regular_Season Players Statistic
Aron Baynes,PHX,42,934.5,481.0,183,381.0,0.48,59,168,0.351,56,75,0.747,71,166,237,67,10,23,50,141,NBA 2019-2020 Regular_Season Players Statistic
Nicolas Batum,CHA,22,505.0,79.0,28,81.0,0.346,14,49,0.286,9,10,0.9,25,75,100,66,17,8,22,41,NBA 2019-2020 Regular_Season Players Statistic
Keita Bates-Diop,DEN,44,744.3,288.0,100,234.0,0.427,34,103,0.33,54,75,0.72,25,102,127,30,19,24,17,43,NBA 2019-2020 Regular_Season Players Statistic
Will Barton,DEN,58,"1,915.9",874.0,332,738.0,0.45,108,288,0.375,102,133,0.767,76,289,365,212,61,29,88,121,NBA 2019-2020 Regular_Season Players Statistic
R.J. Barrett,NYK,56,"1,704.5",803.0,292,727.0,0.402,63,197,0.32,156,254,0.614,50,229,279,143,55,17,124,122,NBA 2019-2020 Regular_Season Players Statistic
Harrison Barnes,SAC,72,"2,481.6",1.046,365,793.0,0.46,102,268,0.381,214,267,0.801,77,278,355,159,43,12,88,93,NBA 2019-2020 Regular_Season Players Statistic
J.J. Barea,DAL,29,449.7,222.0,85,207.0,0.411,32,85,0.376,20,22,0.909,10,43,53,112,5,2,38,27,NBA 2019-2020 Regular_Season Players Statistic
Mohamed Bamba,ORL,62,878.4,332.0,132,286.0,0.462,37,107,0.346,31,46,0.674,100,202,302,42,23,86,42,116,NBA 2019-2020 Regular_Season Players Statistic
Lonzo Ball,NOP,63,"2,025.2",745.0,277,687.0,0.403,148,395,0.375,43,76,0.566,71,312,383,438,88,38,193,128,NBA 2019-2020 Regular_Season Players Statistic
Marvin Bagley III,SAC,13,333.9,185.0,78,167.0,0.467,4,22,0.182,25,31,0.806,29,68,97,10,6,12,18,43,NBA 2019-2020 Regular_Season Players Statistic
Dwayne Bacon,CHA,39,687.3,224.0,85,244.0,0.348,19,67,0.284,35,53,0.66,15,85,100,52,23,2,37,52,NBA 2019-2020 Regular_Season Players Statistic
Deandre Ayton,PHX,38,"1,236.4",690.0,310,568.0,0.546,3,13,0.231,67,89,0.753,147,289,436,72,26,58,80,117,NBA 2019-2020 Regular_Season Players Statistic
D.J. Augustin,ORL,57,"1,420.4",599.0,184,461.0,0.399,70,201,0.348,161,181,0.89,22,100,122,262,34,1,86,72,NBA 2019-2020 Regular_Season Players Statistic
Trevor Ariza,POR,53,"1,492.3",423.0,142,324.0,0.438,77,207,0.372,62,74,0.838,34,212,246,91,69,15,56,111,NBA 2019-2020 Regular_Season Players Statistic
Ryan Arcidiacono,CHI,58,929.9,261.0,90,220.0,0.409,54,138,0.391,27,38,0.711,20,90,110,96,27,3,37,96,NBA 2019-2020 Regular_Season Players Statistic
OG Anunoby,TOR,69,"2,065.7",733.0,286,566.0,0.505,89,228,0.39,72,102,0.706,80,284,364,108,96,45,79,167,NBA 2019-2020 Regular_Season Players Statistic
Carmelo Anthony,POR,58,"1,902.0",895.0,336,782.0,0.43,87,226,0.385,136,161,0.845,71,297,368,85,49,27,100,171,NBA 2019-2020 Regular_Season Players Statistic
Thanasis Antetokounmpo,MIL,20,128.6,55.0,24,48.0,0.5,0,10,0.0,7,17,0.412,12,12,24,15,7,2,12,18,NBA 2019-2020 Regular_Season Players Statistic
Kostas Antetokounmpo,LAL,5,20.1,7.0,3,3.0,1.0,0,0,0.0,1,2,0.5,2,1,3,2,0,0,1,2,NBA 2019-2020 Regular_Season Players Statistic
Giannis Antetokounmpo,MIL,63,"1,916.9",1.857,685,1.238,0.553,89,293,0.304,398,629,0.633,140,716,856,354,61,66,230,195,NBA 2019-2020 Regular_Season Players Statistic
Ryan Anderson,HOU,2,14.0,5.0,2,7.0,0.286,1,5,0.2,0,0,0.0,0,7,7,2,1,0,1,1,NBA 2019-2020 Regular_Season Players Statistic
Kyle Anderson,MEM,67,"1,329.9",390.0,157,331.0,0.474,24,85,0.282,52,78,0.667,58,227,285,162,54,37,66,111,NBA 2019-2020 Regular_Season Players Statistic
Justin Anderson,BRK,10,107.3,28.0,10,38.0,0.263,6,29,0.207,2,4,0.5,1,20,21,8,0,6,4,13,NBA 2019-2020 Regular_Season Players Statistic
Al-Farouq Aminu,ORL,18,380.1,78.0,25,86.0,0.291,9,36,0.25,19,29,0.655,24,63,87,21,18,8,17,27,NBA 2019-2020 Regular_Season Players Statistic
Kadeem Allen,NYK,10,117.1,50.0,19,44.0,0.432,5,16,0.313,7,11,0.636,2,7,9,21,5,2,8,7,NBA 2019-2020 Regular_Season Players Statistic
Jarrett Allen,BRK,70,"1,852.0",775.0,302,465.0,0.649,0,6,0.0,171,270,0.633,216,455,671,110,40,92,77,162,NBA 2019-2020 Regular_Season Players Statistic
Grayson Allen,MEM,38,718.5,330.0,117,251.0,0.466,57,141,0.404,39,45,0.867,8,77,85,52,10,2,33,53,NBA 2019-2020 Regular_Season Players Statistic
Nickeil Alexander-Walker,NOP,47,590.8,267.0,98,266.0,0.368,46,133,0.346,25,37,0.676,9,75,84,89,17,8,54,57,NBA 2019-2020 Regular_Season Players Statistic
Kyle Alexander,MIA,2,13.4,2.0,1,2.0,0.5,0,0,0.0,0,0,0.0,2,1,3,0,0,0,1,1,NBA 2019-2020 Regular_Season Players Statistic
LaMarcus Aldridge,SAS,53,"1,754.1",1.001,391,793.0,0.493,61,157,0.389,158,191,0.827,103,289,392,129,36,87,74,128,NBA 2019-2020 Regular_Season Players Statistic
Bam Adebayo,MIA,72,"2,417.1",1.146,440,790.0,0.557,2,14,0.143,264,382,0.691,176,559,735,368,82,93,204,182,NBA 2019-2020 Regular_Season Players Statistic
Steven Adams,OKC,63,"1,680.5",684.0,283,478.0,0.592,1,3,0.333,117,201,0.582,207,376,583,146,51,67,94,122,NBA 2019-2020 Regular_Season Players Statistic
